-0.043260
-0.137820
0.161569
0.051842
-0.168346
-0.916145
-0.774530
-0.206507
0.494585
0.717955
0.273220
0.248354
0.728231
0.506984
0.790363
0.705661
0.534206
0.600558
0.132634
-0.482953
-0.111307
-0.043187
0.072054
-0.057077
-0.313528
0.171798
-0.000972
-0.645100
-0.857397
-0.026155
-0.286513
0.079295
0.513706
0.019925
0.140964
0.856192
0.993406
0.861392
0.222116
-0.279107
0.318162
0.163981
-0.219869
0.202929
-0.501880
-0.249909
-0.803385
-0.527434
-0.114401
-0.672684
-0.868541
-0.316606
-0.780780
-0.079233
0.079927
0.752928
0.603658
0.719780
0.881185
0.322167
-0.078370
0.256943
-0.080119
-0.059057
-0.310357
-0.310357
0.040058
-0.293943
-0.425279
-0.755942
-0.788132
-0.131812
0.059826
-0.468679
-0.220633
-0.135623
0.455805
0.590404
0.982081
0.447806
-0.231225
-0.013863
-0.790722
-0.947199
-0.808122
-0.506025
-0.659339
-0.441487
-0.808909
-0.638900
-0.856213
-0.704935
-0.382308
0.249400
0.646324
-0.104144
0.537948
0.396630
0.543250
0.758620
0.808449
0.996426
0.759277
0.208805
0.017432
0.017432
-0.112302
-0.036812
-0.126948
-0.077756
-0.106866
0.071742
0.226106
0.029179
0.294344
-0.051569
0.309069
0.809903
0.646302
0.316970
0.408198
0.853481
0.482697
-0.045178
-0.211801
-0.197574
0.599015
0.985468
0.579085
0.421013
0.643757
-0.021233
0.290648
0.050131
0.269647
0.723118
0.342637
0.314734
-0.010306
0.673499
0.628502
0.426742
0.248237
0.971419
0.664629
0.210596
-0.101589
0.065506
0.698443
0.149085
0.091011
0.090216
0.066930
0.570676
0.153783
-0.009314
-0.010222
-0.058390
-0.044867
-0.027548
-0.245811
0.024833
0.041668
-0.292195
-0.940202
-0.154046
0.531680
-0.202389
0.645118
0.219377
0.635110
0.614874
0.129360
0.420962
0.343473
0.150726
-0.209305
0.063123
-0.166598
-0.437652
-0.386408
-0.551109
-0.927639
-0.238906
-0.579179
-0.373973
-0.274645
-0.501263
-0.062943
-0.166925
0.039286
0.074279
0.138601
0.561505
-0.006162
-0.593231
-0.136919
-0.156299
-0.226859
-0.206794
-0.458063
-0.490766
-0.879319
-0.958510
-0.916164
-0.486673
-0.486673
-0.955608
-0.769568
-0.297995
0.060058
0.642065
-0.093045
0.528020
0.349039
0.349039
-0.003469
-0.106655
-0.106655
-0.154166
-0.300543
-0.517071
-0.784584
-0.378574
-0.200633
-0.013170
-0.656037
-0.656037
-0.269853
-0.900153
-0.391759
-0.368570
-0.757753
-0.241696
0.554847
-0.104595
0.019500
-0.036416
-0.291252
0.157090
0.380698
0.594120
0.882918
0.100978
-0.583696
-0.788853
-0.788853
-0.252525
-0.961701
-0.368440
-0.787212
-0.652968
-0.722039
-0.347652
-0.203783
0.379888
0.900934
0.125212
0.016642
-0.515572
0.261228
-0.025850
0.003483
-0.601448
-0.672599
-0.672599
-0.298462
-0.692343
-0.316606
-0.597138
-0.716086
-0.551322
-0.973880
-0.699444
-0.980338
-0.931498
-0.700613
-0.551444
-0.192048
0.155956
0.400205
-0.106918
-0.748537
0.011232
0.695367
0.548835
-0.233371
-0.233629
0.112541
-0.554793
-0.892891
-0.509646
0.006112
0.364157
-0.420948
-0.139883
-0.043457
-0.435137
-0.435137
-0.613647
-0.120474
-0.215445
0.111933
-0.055074
-0.030390
-0.313573
-0.492966
-0.664628
-0.664628
-0.351295
-0.468733
-0.468733
-0.048112
-0.583984
-0.583984
0.103091
0.046132
-0.525039
-0.067625
0.282520
0.068279
0.480249
0.654097
0.803878
0.540065
0.970772
0.889325
0.633089
0.711030
0.469131
0.152436
-0.177997
-0.642457
-0.674701
-0.304637
-0.304637
-0.890010
-0.828611
-0.357747
-0.852335
-0.956144
-0.414678
0.022734
0.022734
0.072295
-0.020083
0.455423
0.073716
-0.130256
-0.429353
0.001475
0.001475
-0.721362
-0.758350
-0.730224
-0.692991
-0.672751
-0.328641
0.052004
0.004475
-0.095218
0.129529
-0.026315
-0.106111
-0.039219
-0.001566
0.235588
0.459574
0.223974
-0.008555
-0.074325
0.064605
-0.295067
-0.295427
-0.027598
0.021776
-0.120071
-0.204402
0.031818
0.029693
0.004361
0.004361
0.091401
-0.020826
0.238093
0.034177
-0.053089
-0.887735
-0.967197
-0.836664
-0.909108
-0.775151
-0.775151
-0.823214
-0.856210
-0.705552
-0.401353
0.259086
0.244216
0.636376
0.961492
0.988878
0.427384
0.427384
0.699573
0.961079
0.241613
0.409538
0.409538
0.409538
0.508261
0.814350
0.764520
0.861776
0.854837
0.093924
0.134749
0.052653
0.033516
0.004724
-0.266052
-0.266052
-0.955645
-0.955645
-0.638436
-0.412364
-0.412364
0.095037
0.020952
-0.161069
0.037178
0.291908
-0.002202
0.093040
-0.161096
-0.371466
0.148025
-0.132807
-0.033013
0.036795
-0.139091
-0.738011
-0.726420
-0.394741
-0.394741
0.133820
-0.182167
-0.256268
-0.765807
-0.336595
-0.049989
-0.761920
-0.871435
-0.871435
-0.911270
-0.548170
-0.548170
-0.076376
-0.345783
-0.409228
-0.697232
-0.697232
-0.135093
-0.366648
-0.366648
-0.903623
-0.690511
-0.736523
-0.736523
-0.736523
-0.736523
-0.653458
-0.552784
-0.070436
-0.070436
-0.070436
-0.292211
-0.329777
-0.278167
-0.356926
-0.356926
-0.356926
-0.903228
-0.892991
-0.853242
-0.980082
-0.605787
-0.605787
-0.598522
-0.479508
-0.479508
-0.321265
-0.809962
-0.711573
-0.918052
-0.783389
-0.960625
-0.960625
-0.904821
-0.909602
-0.909602
-0.939423
-0.939423
-0.827089
-0.873435
-0.873435
-0.290352
-0.057248
0.182353
0.084679
0.605781
0.552128
0.047582
0.047582
-0.188135
-0.473249
-0.059064
-0.204566
-0.204566
-0.204566
-0.204566
-0.104755
-0.626981
-0.626981
-0.585241
-0.894880
-0.413354
-0.413354
-0.394001
-0.394001
0.033910
0.033910
0.069757
-0.068767
-0.783540
-0.907330
-0.862629
-0.842331
-0.929078
-0.821571
-0.660752
-0.879430
-0.856856
-0.856856
-0.721211
-0.834634
-0.992227
-0.692413
-0.987978
-0.987978
-0.987978
-0.987978
-0.901910
-0.954599
-0.954599
-0.894906
-0.933896
-0.938825
-0.938825
-0.423771
-0.423771
-0.520226
-0.744469
-0.528066
-0.528066
-0.769329
-0.835551
-0.940783
-0.862402
-0.965601
-0.965601
-0.965601
-0.707059
-0.707059
-0.813264
-0.813264
-0.813264
-0.980347
-0.980347
-0.980347
-0.810460
-0.838381
-0.501146
-0.907447
-0.932834
-0.971061
-0.971061
-0.800829
-0.800829
-0.852008
-0.825994
-0.999942
-0.999942
-0.704484
-0.704484
-0.704484
-0.500194
-0.349878
-0.302618
-0.302618
0.001042
0.001042
0.105960
0.084549
0.026985
-0.022372
-0.805110
-0.642224
-0.822321
-0.822321
-0.739286
-0.968757
-0.968757
-0.946534
-0.998791
-0.998791
-0.998791
-0.615278
-0.615278
-0.615278
-0.905536
-0.905536
-0.905536
-0.905536
-0.905536
-0.717952
-0.717952
-0.717952
-0.717952
-0.893009
-0.893009
-0.823319
-0.823319
-0.783746
-0.734178
-0.304570
-0.419254
-0.896430
-0.896430
-0.896430
-0.928096
-0.941390
-0.782046
-0.782046
-0.782046
-0.838534
-0.930403
-0.930403
-0.930403
-0.930403
-0.861688
-0.861688
-0.785932
-0.785932
-0.785932
-0.785932
-0.761101
-0.850865
-0.891510
-0.891510
-0.899831
-0.899831
-0.899831
-0.790043
-0.817297
-0.588718
-0.691844
-0.691844
-0.801717
-0.914131
-0.914131
-0.923441
-0.923441
-0.923441
-0.923441
-0.813830
-0.948763
-0.948763
-0.948763
-0.992887
-0.992887
-0.992887
-0.992887
-0.992887
-0.699702
-0.699702
-0.973350
-0.973350
-0.973350
-0.973350
-0.973350
-0.973350
-0.734993
-0.734993
-0.734993
-0.734993
-0.734993
-0.734993
-0.734993
-0.734993
-0.734993
-0.734993
-0.734993
-0.825176
-0.825176
-0.825176
-0.825176
-0.849755
-0.854285
-0.854285
-0.954777
-0.928207
-0.928207
-0.928207
-0.928207
-0.928207
-0.928207
-0.937695
-0.937695
-0.956686
-0.885934
-0.885934
-0.928468
-0.928468
-0.928468
-0.928468
-0.672947
-0.672947
-0.921753
-0.921753
-0.921753
-0.921753
-0.944922
-0.944922
-0.962870
-0.962870
-0.962870
-0.962985
-0.962985
-0.962985
-0.962985
-0.962985
-0.962985
-0.962985
-0.962985
-0.962985
-0.962985
-0.962985
-0.962985
-0.962985
-0.895217
-0.692552
-0.692552
-0.692552
-0.692552
-0.692552
-0.692552
-0.692552
-0.692552
-0.909891
-0.909891
-0.909891
-0.855886
-0.855886
-0.855886
-0.826997
-0.791935
-0.864884
-0.904907
-0.904907
-0.984608
-0.984608
-0.984608
-0.984608
-0.697033
-0.776175
-0.776175
-0.776175
-0.776175
-0.776175
-0.776175
-0.776175
-0.928500
-0.926004
-0.844650
-0.811617
-0.811617
-0.811617
-0.811617
-0.811617
-0.769240
-0.769240
-0.769240
-0.769240
-0.769240
-0.769240
-0.769240
-0.769240
-0.891241
-0.891241
-0.891241
-0.891241
-0.891241
-0.891241
-0.891241
-0.891241
-0.891241
-0.951647
-0.951647
-0.940261
-0.927183
-0.927183
-0.927183
-0.959845
-0.959845
-0.959845
-0.959845
-0.959845
-0.959845
-0.959845
-0.959845
-0.959845
-0.959845
-0.959845
-0.959845
-0.959845
-0.959845
-0.959845
-0.959845
-0.959845
-0.959845
-0.959845
-0.959845
-0.959845
-0.959845
-0.959845
-0.959845
-0.959845
-0.959845
-0.959845
-0.959845
-0.959845
-0.959845
-0.959845
-0.959244
-0.959244
-0.959244
-0.959244
-0.959244
-0.959244
-0.959244
-0.959244
-0.959244
-0.959244
-0.959244
-0.996257
-0.996257
-0.996257
-0.996257
-0.996257
-0.996257
-0.996257
-0.996257
-0.996257
-0.996257
-0.996257
-0.996257
-0.996257
-0.996257
-0.996257
-0.996257
-0.996257
-0.996257
-0.996257
-0.941122
-0.941122
-0.941122
-0.941122
-0.941122
-0.941122
-0.994423
-0.994423
-0.994423
-0.994423
-0.994423
-0.994423
-0.994423
-0.994423
-0.994423
-0.963708
-0.963708
-0.963708
-0.963708
-0.963708
-0.963865
-0.963865
-0.963865
-0.963865
-0.963865
-0.963865
-0.963865
-0.963865
-0.963865
-0.963865
-0.963865
-0.967408
-0.967408
-0.967408
-0.967408
-0.967408
-0.967408
-0.967408
-0.967408
-0.967408
-0.967408
-0.967408
-0.967408
-0.967408
-0.967408
-0.967408
-0.967408
-0.967408
-0.967408
-0.967408
-0.967408
-0.967408
-0.967408
-0.967408
-0.979231
-0.979231
-0.979231
-0.979231
-0.979231
-0.979231
-0.979231
-0.979231
-0.979231
-0.979231
-0.979231
-0.977738
-0.977738
-0.977738
-0.977738
-0.977738
-0.977738
-0.977738
-0.977738
-0.977738
-0.977738
-0.977738
-0.977738
-0.977738
-0.977738
-0.977738
-0.977738
-0.977738
-0.977738
-0.977738
-0.977738
-0.977738
-0.977738
-0.964470
-0.964470
-0.964470
-0.964470
-0.964470
-0.964470
-0.964470
-0.964470
-0.964470
-0.964470
-0.964470
-0.964470
-0.964470
-0.964470
-0.964119
-0.986506
-0.986506
-0.986506
-0.986506
-0.986506
-0.986506
-0.986506
-0.986506
-0.986506
-0.986506
-0.986506
-0.995070
-0.995070
-0.995070
-0.995070
-0.995070
-0.995070
-0.995070
-0.995070
-0.995070
-0.995070
-0.995070
-0.995070
-0.995070
-0.995070
-0.995070
-0.995070
-0.995070
-0.995070
-0.995070
-0.995070
-0.995070
-0.995070
-0.995070
-0.995070
-0.995070
-0.995070
-0.995070
-0.987891
-0.987891
-0.987891
-0.987891
-0.987891
-0.987891
-0.987891
-0.987891
-0.987891
-0.987891
-0.987891
-0.987891
-0.987891
-0.987891
-0.987891
-0.987891
-0.987891
-0.990398
-0.990398
-0.990398
-0.990398
-0.990398
-0.990398
-0.990398
-0.990398
-0.990398
-0.990398
-0.990398
-0.990398
-0.990398
-0.990398
-0.990398
-0.990398
-0.990398
-0.990398
-0.990398
-0.990398
-0.990398
-0.990398
-0.990398
-0.990398
-0.990398
-0.990398
-0.990398
-0.990398
-0.990398
-0.990398
-0.990398
-0.990398
-0.990398
-0.990398
-0.990398
-0.990398
-0.990398
-0.990398
-0.990398
-0.990398
-0.990398
-0.990398
-0.990398
-0.990398
-0.990398
-0.997395
-0.997395
-0.997395
-0.997395
-0.997395
-0.997395
-0.997395
-0.997395
-0.997395
-0.997395
-0.997395
-0.997395
-0.997395
-0.997395
-0.997395
-0.997395
-0.997395
-0.997395
-0.997395
-0.997395
-0.997395
-0.997395
-0.997395
-0.997395
-0.997395
-0.997395
-0.997395
-0.997395
-0.997395
-0.997395
-0.997395
-0.997395
-0.997395
-0.997395
-0.997395
-0.997395
-0.997395
-0.997395
-0.997395
-0.997395
-0.997395
-0.997395
-0.997395
-0.997395
-0.997395
-0.997395
-0.997395
-0.997395
-0.997395
-0.997395
-0.997395
-0.997395
-0.997395
-0.997395
-0.997395
-0.997395
-0.997395
-0.997395
-0.997395
-0.997395
-0.997395
-0.997395
-0.997395
-0.997395
-0.997395
-0.997395
-0.997395
-0.997395
-0.997395
-0.997395
-0.997395
-0.997395
-0.997395
-0.997395
-0.997395
-0.997395
-0.997395
-0.997395
-0.997395
-0.997395
-0.997395
-0.997395
-0.997395
-0.997395
-0.997395
-0.997395
-0.997395
-0.997395
-0.997395
-0.997395
-0.997395
-0.997395
-0.995919
-0.995919
-0.995919
-0.995919
-0.995919
-0.995919
-0.995919
-0.995919
-0.995919
-0.995919
-0.995919
-0.995919
-0.995919
-0.995919
-0.995919
-0.995919
-0.995919
-0.995919
-0.995919
-0.995919
-0.995919
-0.995919
-0.995919
-0.995919
-0.995919
-0.995919
-0.995919
-0.995919
-0.995919
-0.995919
-0.995919
-0.995919
-0.995919
-0.995919
-0.995919
-0.995919
-0.995919
-0.995919
-0.995919
-0.995919
-0.995919
-0.995919
-0.995919
-0.995919
-0.995919
-0.995919
-0.995919
-0.995919
-0.998788
-0.998788
-0.998788
-0.998788
-0.998788
-0.998788
-0.998788
-0.998788
-0.998788
-0.998788
-0.998788
-0.998788
-0.998788
-0.998788
-0.998788
-0.998788
-0.998788
-0.998788
-0.998788
-0.998788
-0.998788
-0.998788
-0.998788
-0.998788
-0.998788
-0.998788
-0.998788
-0.998788
-0.998788
-0.998788
-0.998788
-0.998788
-0.998788
-0.998788
-0.998788
-0.998788
-0.998788
-0.998788
-0.998788
-0.998788
-0.998788
-0.998788
-0.998788
-0.998788
-0.998788
-0.998788
-0.998788
-0.998788
-0.998788
-0.998788
-0.998788
-0.998788
-0.998788
-0.998788
-0.998788
-0.998788
-0.998788
-0.998788
-0.998788
-0.998788
-0.998788
-0.998788
-0.998788
-0.998788
-0.998788
-0.998788
-0.998788
-0.998788
-0.998788
-0.998788
-0.998788
-0.998788
-0.998788
-0.998788
-0.998788
-0.998788
-0.998788
-0.998560
-0.998560
-0.998560
-0.998560
-0.998560
-0.998560
-0.998560
-0.998560
-0.998560
-0.998560
-0.998560
-0.998560
-0.998560
-0.998560
-0.998560
-0.998560
-0.998560
-0.998560
-0.998560
-0.998560
-0.998560
-0.998560
-0.998560
-0.998560
-0.998560
-0.998560
-0.998560
-0.998560
-0.998560
-0.998560
-0.998560
-0.998560
-0.998560
-0.998560
-0.998560
-0.998560
-0.998560
-0.998560
-0.998560
-0.998560
-0.998560
-0.998560
-0.998560
-0.998560
-0.998560
-0.998560
-0.998560
-0.998560
-0.998560
-0.998560
-0.998560
-0.998560
-0.998560
-0.998560
-0.998560
-0.998560
-0.998560
-0.998560
-0.998560
-0.998560
-0.998560
-0.998560
-0.998560
-0.998560
-0.998560
-0.999858
-0.999858
-0.999858
-0.999858
-0.999858
-0.999858
-0.999858
-0.999858
-0.999858
-0.999858
-0.999858
-0.999858
-0.999858
-0.999858
-0.999858
-0.999858
-0.999858
-0.999858
-0.999858
-0.999858
-0.999858
-0.999858
-0.999858
-0.999858
-0.999858
-0.999858
-0.999858
-0.999858
-0.999858
-0.999858
-0.999858
-0.999858
-0.999858
-0.999858
-0.999858
-0.999858
-0.999858
-0.999858
-0.999858
-0.999858
-0.999858
-0.999858
-0.999858
-0.999858
-0.999858
-0.999858
-0.999858
-0.999858
-0.999858
-0.999858
-0.999858
-0.999858
-0.999858
-0.999858
-0.999858
-0.999858
-0.999858
-0.999858
-0.999858
-0.999858
-0.999858
-0.999858
-0.999858
-0.999858
-0.999858
-0.999858
-0.999858
-0.999858
-0.999858
-0.999858
-0.999858
-0.999858
-0.999858
-0.999858
-0.999858
-0.999858
-0.999858
-0.999858
-0.999858
-0.999858
-0.999858
-0.999858
-0.999858
-0.999858
-0.999858
-0.999858
-0.999858
-0.999858
-0.999858
-0.999858
-0.999858
-0.999858
-0.999858
-0.999858
-0.999858
-0.999858
-0.999858
-0.999858
-0.999858
-0.999858
-0.999858
-0.999858
-0.999858
-0.999858
-0.999858
-0.999858
-0.999858
-0.999858
-0.999858
-0.999858
-0.999858
-0.999858
-0.999858
-0.999858
-0.999858
-0.999858
-0.999858
-0.999858
-0.999858
-0.999858
-0.999858
-0.999858
-0.999858
-0.999858
-0.999858
-0.999858
-0.999858
-0.999858
-0.999858
-0.999858
-0.999858
-0.999858
-0.999858
-0.999858
-0.999858
-0.999858
-0.999858
-0.999858
-0.999858
-0.999858
-0.999858
-0.999858
-0.999858
-0.999858
-0.999858
-0.999858
-0.999858
-0.999858
-0.999858
-0.999858
-0.999858
-0.999858
-0.999858
-0.999858
-0.999858
-0.999858
-0.999858
-0.999858
-0.999858
-0.999858
-0.999858
-0.999858
-0.999858
-0.999858
-0.999858
-0.999858
-0.999858
-0.999858
-0.999858
-0.999858
-0.999858
-0.999858
-0.999858
-0.999858
-0.999858
-0.999858
-0.999858
-0.999858
-0.999858
-0.999858
-0.999858
-0.999858
-0.999858
-0.999858
-0.999858
-0.999858
-0.999858
-0.999858
-0.999858
-0.999858
-0.999858
-0.999858
-0.999858
-0.999858
-0.999858
-0.999858
-0.999858
-0.999858
-0.999858
-0.999858
-0.999858
-0.999858
-0.999858
-0.999858
-0.999858
-0.999858
-0.999858
-0.999858
-0.999858
-0.999858
-0.999858
-0.999858
-0.999858
-0.999858
-0.999858
-0.999858
-0.999858
-0.999858
-0.999858
-0.999858
-0.999858
-0.999858
-0.999858
-0.999858
-0.999858
-0.999858
-0.999858
-0.999858
-0.999858
-0.999858
-0.999858
-0.999858
-0.999858
-0.999858
-0.999858
-0.999858
-0.999858
-0.999858
-0.999858
-0.999858
-0.999858
-0.999858
-0.999858
-0.999858
-0.999858
-0.999858
-0.999858
-0.999858
-0.999858
-0.999858
-0.999858
-0.999858
-0.999858
-0.999858
-0.999858
-0.999858
-0.999858
-0.999858
-0.999858
-0.999858
-0.999858
-0.999858
-0.999858
-0.999858
-0.999858
-0.999858
-0.999858
-0.999858
-0.999858
-0.999858
-0.999858
-0.999858
-0.999858
-0.999858
-0.999858
-0.999858
-0.999858
-0.999858
-0.999858
-0.999858
-0.999858
-0.999858
-0.999858
-0.999858
-0.999858
-0.999858
-0.999858
-0.999858
-0.999858
-0.999858
-0.999858
-0.999858
-0.999858
-0.999858
-0.999858
-0.999858
-0.999858
-0.999858
-0.999858
-0.999858
-0.999858
-0.999858
-0.999858
-0.999858
-0.999858
-0.999858
-0.999858
-0.999858
-0.999858
-0.999858
-0.999858
-0.999858
-0.999858
-0.999858
-0.999858
-0.999858
-0.999858
-0.999858
-0.999858
-0.999858
-0.999858
-0.999858
-0.999858
-0.999858
-0.999858
-0.999858
-0.999858
-0.999858
-0.999858
-0.999858
-0.999858
-0.999858
-0.999858
-0.999858
-0.999858
-0.999858
-0.999858
-0.999858
-0.999858
-0.999858
-0.999858
-0.999858
-0.999858
-0.999858
-0.999858
-0.999858
-0.999858
-0.999858
-0.999858
-0.999858
-0.999858
-0.999858
-0.999858
-0.999858
-0.999858
-0.999858
-0.999858
-0.999858
-0.999858
-0.999858
-0.999858
-0.999858
-0.999858
-0.999858
-0.999858
-0.999858
-0.999858
-0.999858
-0.999858
-0.999858
-0.999858
-0.999858
-0.999858
-0.999858
-0.999858
-0.999858
-0.999858
-0.999858
-0.999858
-0.999858
-0.999858
-0.999858
-0.999858
-0.999858
-0.999858
-0.999858
-0.999858
-0.999858
-0.999858
-0.999858
-0.999858
-0.999858
-0.999858
-0.999858
-0.999858
-0.999858
-0.999858
-0.999858
-0.999858
-0.999858
-0.999858
-0.999858
-0.999858
-0.999858
-0.999858
-0.999858
-0.999874
-0.999874
-0.999874
-0.999874
-0.999874
-0.999874
-0.999874
-0.999874
-0.999874
-0.999874
-0.999874
-0.999874
-0.999874
-0.999874
-0.999874
-0.999874
-0.999874
-0.999874
-0.999874
-0.999874
-0.999874
-0.999874
-0.999874
-0.999874
-0.999874
-0.999874
-0.999874
-0.999874
-0.999874
-0.999874
-0.999874
-0.999874
-0.999874
-0.999874
-0.999874
-0.999874
-0.999874
-0.999874
-0.999874
-0.999874
-0.999874
-0.999874
-0.999874
-0.999874
-0.999874
-0.999874
-0.999874
-0.999874
-0.999874
-0.999874
-0.999874
-0.999874
-0.999874
-0.999874
-0.999874
-0.999874
-0.999874
-0.999874
-0.999874
-0.999874
-0.999874
-0.999874
-0.999874
-0.999874
-0.999874
-0.999874
-0.999874
-0.999874
-0.999874
-0.999874
-0.999874
-0.999874
-0.999874
-0.999874
-0.999874
-0.999874
-0.999874
-0.999874
-0.999874
-0.999874
-0.999874
-0.999874
-0.999874
-0.999874
-0.999874
-0.999874
-0.999874
-0.999874
-0.999874
-0.999874
-0.999874
-0.999874
-0.999874
-0.999874
-0.999874
-0.999874
-0.999874
-0.999874
-0.999874
-0.999874
-0.999874
-0.999874
-0.999874
-0.999874
-0.999874
-0.999874
-0.999874
-0.999874
-0.999874
-0.999874
-0.999874
-0.999874
-0.999874
-0.999874
-0.999874
-0.999874
-0.999874
-0.999874
-0.999874
-0.999874
-0.999874
-0.999874
-0.999874
-0.999874
-0.999874
-0.999874
-0.999874
-0.999874
-0.999874
-0.999874
-0.999874
-0.999874
-0.999874
-0.999874
-0.999874
-0.999874
-0.999874
-0.999874
-0.999874
-0.999874
-0.999874
-0.999874
-0.999874
-0.999874
-0.999874
-0.999874
-0.999874
-0.999874
-0.999874
-0.999874
-0.999874
-0.999874
-0.999874
-0.999874
-0.999874
-0.999874
-0.999874
-0.999874
-0.999874
-0.999874
-0.999874
-0.999874
-0.999874
-0.999874
-0.999874
-0.999874
-0.999874
-0.999874
-0.999874
-0.999874
-0.999874
-0.999874
-0.999874
-0.999874
-0.999874
-0.999874
-0.999874
-0.999874
-0.999874
-0.999874
-0.999874
-0.999874
-0.999874
-0.999874
-0.999874
-0.999874
-0.999874
-0.999874
-0.999874
-0.999874
-0.999874
-0.999874
-0.999874
-0.999874
-0.999874
-0.999874
-0.999874
-0.999874
-0.999874
-0.999874
-0.999874
-0.999874
-0.999874
-0.999874
-0.999874
-0.999874
-0.999874
-0.999874
-0.999874
-0.999874
-0.999874
-0.999874
-0.999874
-0.999874
-0.999874
-0.999874
-0.999874
-0.999874
-0.999874
-0.999874
-0.999874
-0.999874
-0.999874
-0.999874
-0.999874
-0.999874
-0.999874
-0.999874
-0.999874
-0.999874
-0.999874
-0.999874
-0.999874
-0.999874
-0.999874
-0.999874
-0.999874
-0.999874
-0.999874
-0.999874
-0.999874
-0.999874
-0.999874
-0.999874
-0.999874
-0.999874
-0.999874
-0.999874
-0.999874
-0.999874
-0.999874
-0.999874
-0.999874
-0.999874
-0.999874
-0.999874
-0.999874
-0.999874
-0.999874
-0.999874
-0.999874
-0.999874
-0.999874
-0.999874
-0.999874
-0.999874
-0.999874
-0.999874
-0.999874
-0.999874
-0.999874
-0.999874
-0.999874
-0.999874
-0.999874
-0.999874
-0.999874
-0.999874
-0.999874
-0.999874
-0.999874
-0.999874
-0.999874
-0.999874
-0.999874
-0.999874
-0.999874
-0.999874
-0.999874
-0.999874
-0.999874
-0.999874
-0.999874
-0.999874
-0.999874
-0.999874
-0.999874
-0.999874
-0.999874
-0.999874
-0.999874
-0.999874
-0.999874
-0.999874
-0.999874
-0.999874
-0.999874
-0.999874
-0.999874
-0.999874
-0.999874
-0.999874
-0.999874
-0.999874
-0.999874
-0.999874
-0.999874
-0.999874
-0.999874
-0.999874
-0.999874
-0.999874
-0.999874
-0.999874
-0.999874
-0.999874
-0.999874
-0.999874
-0.999874
-0.999874
-0.999874
-0.999874
-0.999874
-0.999874
-0.999874
-0.999874
