  0.000000  -0.265376
  0.002930  -0.315409
  0.005859  -0.195227
  0.008789   0.007459
  0.011719   0.388663
  0.014648   0.482231
  0.017578   0.290438
  0.020508   1.136631
  0.023438   1.048153
  0.026367   1.186825
  0.029297   0.675943
  0.032227   1.376469
  0.035156   0.925093
  0.038086   0.888120
  0.041016   1.530485
  0.043945   1.338714
  0.046875   1.369374
  0.049805   1.963403
  0.052734   2.083100
  0.055664   1.916544
  0.058594   1.490206
  0.061523   2.222692
  0.064453   2.379182
  0.067383   2.146542
  0.070312   2.508768
  0.073242   2.476218
  0.076172   2.668614
  0.079102   2.358129
  0.082031   2.003948
  0.084961   2.704311
  0.087891   2.362788
  0.090820   2.327643
  0.093750   2.854299
  0.096680   2.509482
  0.099609   2.554006
  0.102539   2.339560
  0.105469   2.966973
  0.108398   2.699582
  0.111328   2.212671
  0.114258   2.634655
  0.117188   2.390932
  0.120117   2.280312
  0.123047   2.292404
  0.125977   2.489514
  0.128906   2.236974
  0.131836   2.789532
  0.134766   2.696219
  0.137695   2.379127
  0.140625   2.434120
  0.143555   2.372702
  0.146484   1.805202
  0.149414   2.354110
  0.152344   1.949676
  0.155273   2.467537
  0.158203   1.717169
  0.161133   1.612922
  0.164062   2.040889
  0.166992   1.430347
  0.169922   1.967893
  0.172852   1.998861
  0.175781   1.050815
  0.178711   1.213954
  0.181641   1.181896
  0.184570   1.737635
  0.187500   1.538095
  0.190430   1.537687
  0.193359   0.871066
  0.196289   1.295942
  0.199219   1.030010
  0.202148   0.883143
  0.205078   0.741388
  0.208008   1.247750
  0.210938   1.010811
  0.213867   0.906118
  0.216797   0.638859
  0.219727   0.182819
  0.222656   0.668151
  0.225586   0.348926
  0.228516   0.620861
  0.231445   0.209808
  0.234375  -0.118831
  0.237305   0.640806
  0.240234  -0.163124
  0.243164   0.164833
  0.246094   0.505983
  0.249023   0.017751
  0.251953   0.309735
  0.254883   0.149120
  0.257812   0.122394
  0.260742   0.025537
  0.263672  -0.029153
  0.266602   0.072156
  0.269531   0.215423
  0.272461   0.206344
  0.275391  -0.058474
  0.278320  -0.036367
  0.281250   0.032557
  0.284180   0.179346
  0.287109  -0.295838
  0.290039  -0.415610
  0.292969  -0.339255
  0.295898   0.119240
  0.298828  -0.419925
  0.301758  -0.507640
  0.304688  -0.082525
  0.307617   0.180637
  0.310547  -0.295424
  0.313477  -0.319333
  0.316406  -0.311949
  0.319336  -0.454966
  0.322266   0.168711
  0.325195  -0.096498
  0.328125  -0.426535
  0.331055   0.443748
  0.333984  -0.445866
  0.336914  -0.390099
  0.339844   0.033550
  0.342773   0.474403
  0.345703   0.404872
  0.348633  -0.166095
  0.351562   0.206772
  0.354492   0.108165
  0.357422   0.660857
  0.360352   0.196079
  0.363281   0.104231
  0.366211   0.404717
  0.369141  -0.028537
  0.372070  -0.045193
  0.375000   0.405250
  0.377930   0.496947
  0.380859   0.357690
  0.383789   0.878778
  0.386719   0.420467
  0.389648   0.730845
  0.392578   0.150428
  0.395508   0.100964
  0.398438   0.655879
  0.401367   0.578546
  0.404297   0.482220
  0.407227   1.019604
  0.410156   0.772523
  0.413086   0.271474
  0.416016   0.513734
  0.418945   0.905339
  0.421875   0.242093
  0.424805   0.561218
  0.427734   0.974192
  0.430664   0.699484
  0.433594   0.423802
  0.436523   0.731203
  0.439453   0.849270
  0.442383   0.910143
  0.445312   0.082738
  0.448242   0.717567
  0.451172   0.278164
  0.454102   0.323999
  0.457031   0.225140
  0.459961   0.319197
  0.462891   0.316119
  0.465820   0.636617
  0.468750   0.792586
  0.471680   0.621899
  0.474609   0.436684
  0.477539   0.109208
  0.480469   0.225540
  0.483398   0.438424
  0.486328   0.041970
  0.489258  -0.304242
  0.492188  -0.184018
  0.495117   0.310073
  0.498047   0.490378
  0.500977   0.354964
  0.503906   0.341806
  0.506836  -0.239442
  0.509766   0.015352
  0.512695   0.339978
  0.515625   0.081320
  0.518555  -0.245014
  0.521484  -0.186777
  0.524414  -0.710398
  0.527344  -0.716241
  0.530273  -0.524515
  0.533203   0.030446
  0.536133  -0.782864
  0.539062  -0.934204
  0.541992  -0.794445
  0.544922  -0.535703
  0.547852  -0.757754
  0.550781  -0.493955
  0.553711  -0.206571
  0.556641  -0.074774
  0.559570  -0.620140
  0.562500  -0.467176
  0.565430  -0.483053
  0.568359  -0.317204
  0.571289  -1.008202
  0.574219  -0.770607
  0.577148  -0.959883
  0.580078  -0.955164
  0.583008  -0.554961
  0.585938  -0.207451
  0.588867  -0.979570
  0.591797  -0.671906
  0.594727  -0.294813
  0.597656  -0.605718
  0.600586  -1.001227
  0.603516  -0.258045
  0.606445  -0.786860
  0.609375  -0.468810
  0.612305  -0.628492
  0.615234  -0.643157
  0.618164  -0.294439
  0.621094  -0.227267
  0.624023  -0.653350
  0.626953  -0.085943
  0.629883  -0.139844
  0.632812  -0.397740
  0.635742  -0.545097
  0.638672   0.203420
  0.641602   0.231683
  0.644531  -0.608115
  0.647461   0.290119
  0.650391  -0.211376
  0.653320   0.115029
  0.656250   0.008219
  0.659180  -0.319040
  0.662109   0.322286
  0.665039   0.456503
  0.667969  -0.059095
  0.670898  -0.414606
  0.673828   0.115775
  0.676758  -0.058814
  0.679688  -0.195376
  0.682617   0.631341
  0.685547  -0.179831
  0.688477   0.356734
  0.691406  -0.230250
  0.694336   0.681414
  0.697266   0.666747
  0.700195   0.373414
  0.703125   0.099116
  0.706055   0.041727
  0.708984   0.067392
  0.711914  -0.170998
  0.714844   0.312847
  0.717773  -0.128045
  0.720703   0.544552
  0.723633  -0.265612
  0.726562   0.109172
  0.729492   0.492621
  0.732422  -0.327487
  0.735352   0.168910
  0.738281   0.411786
  0.741211   0.051324
  0.744141  -0.164613
  0.747070  -0.067004
  0.750000   0.207275
  0.752930  -0.404710
  0.755859  -0.209462
  0.758789  -0.486393
  0.761719  -0.488367
  0.764648   0.204082
  0.767578  -0.279157
  0.770508  -0.447790
  0.773438   0.043056
  0.776367  -0.277745
  0.779297  -0.934126
  0.782227  -1.052359
  0.785156  -0.481235
  0.788086  -1.169539
  0.791016  -0.595752
  0.793945  -0.310850
  0.796875  -1.065633
  0.799805  -0.472341
  0.802734  -1.428964
  0.805664  -0.699930
  0.808594  -1.544379
  0.811523  -0.822007
  0.814453  -0.893435
  0.817383  -1.350055
  0.820312  -1.227809
  0.823242  -1.099517
  0.826172  -2.036491
  0.829102  -1.644699
  0.832031  -1.846786
  0.834961  -1.966221
  0.837891  -1.439977
  0.840820  -2.327618
  0.843750  -2.015596
  0.846680  -2.247451
  0.849609  -2.362230
  0.852539  -1.999336
  0.855469  -2.482933
  0.858398  -2.022285
  0.861328  -1.766613
  0.864258  -2.695333
  0.867188  -2.488969
  0.870117  -2.820818
  0.873047  -2.796716
  0.875977  -1.946139
  0.878906  -2.891337
  0.881836  -2.216804
  0.884766  -2.003173
  0.887695  -2.623682
  0.890625  -2.275259
  0.893555  -2.936732
  0.896484  -2.745968
  0.899414  -2.159249
  0.902344  -2.015311
  0.905273  -2.812864
  0.908203  -2.599798
  0.911133  -2.251014
  0.914062  -2.838269
  0.916992  -2.480989
  0.919922  -2.660272
  0.922852  -2.370739
  0.925781  -2.055513
  0.928711  -2.632886
  0.931641  -2.157266
  0.934570  -2.458446
  0.937500  -2.198468
  0.940430  -1.770999
  0.943359  -1.645439
  0.946289  -1.808197
  0.949219  -1.862398
  0.952148  -1.426847
  0.955078  -1.467550
  0.958008  -1.268329
  0.960938  -1.121455
  0.963867  -1.098920
  0.966797  -1.014173
  0.969727  -0.781868
  0.972656  -1.058623
  0.975586  -0.738636
  0.978516  -1.109904
  0.981445  -1.026070
  0.984375  -0.360243
  0.987305  -0.538360
  0.990234   0.129596
  0.993164  -0.068268
  0.996094  -0.056637
  0.999023  -0.193407
  1.001953  -0.065386
  1.004883   0.330992
  1.007812   0.518415
  1.010742   0.429008
  1.013672   0.071750
  1.016602   0.526265
  1.019531   0.806445
  1.022461   0.866948
  1.025391   0.957686
  1.028320   1.430615
  1.031250   0.846834
  1.034180   0.986986
  1.037109   1.216752
  1.040039   1.494254
  1.042969   1.981483
  1.045898   2.078288
  1.048828   1.459144
  1.051758   1.993961
  1.054688   2.010782
  1.057617   2.370846
  1.060547   2.029617
  1.063477   1.658740
  1.066406   2.225478
  1.069336   2.397532
  1.072266   1.993142
  1.075195   2.106704
  1.078125   1.980227
  1.081055   2.122214
  1.083984   1.915421
  1.086914   2.677431
  1.089844   2.559104
  1.092773   2.356647
  1.095703   2.391463
  1.098633   2.337360
  1.101562   2.922925
  1.104492   2.478796
  1.107422   2.758652
  1.110352   2.505226
  1.113281   2.004052
  1.116211   2.258967
  1.119141   2.364891
  1.122070   2.168690
  1.125000   2.455067
  1.127930   2.684838
  1.130859   2.663201
  1.133789   2.337052
  1.136719   2.567248
  1.139648   1.833647
  1.142578   1.953230
  1.145508   2.115063
  1.148438   1.660395
  1.151367   2.361816
  1.154297   2.080171
  1.157227   2.124094
  1.160156   1.933988
  1.163086   2.189036
  1.166016   1.292352
  1.168945   1.926423
  1.171875   1.278998
  1.174805   1.135999
  1.177734   1.497532
  1.180664   1.702229
  1.183594   1.332234
  1.186523   1.709051
  1.189453   0.845112
  1.192383   1.051118
  1.195312   0.979176
  1.198242   1.395347
  1.201172   1.353000
  1.204102   0.789706
  1.207031   0.475274
  1.209961   0.557901
  1.212891   0.821914
  1.215820   0.821708
  1.218750   0.166171
  1.221680   0.444688
  1.224609   0.158403
  1.227539   0.776908
  1.230469   0.369282
  1.233398   0.253476
  1.236328   0.087970
  1.239258   0.282906
  1.242188  -0.071364
  1.245117   0.544286
  1.248047  -0.151570
  1.250977   0.371614
  1.253906   0.311937
  1.256836  -0.209123
  1.259766   0.021248
  1.262695  -0.611320
  1.265625  -0.199649
  1.268555  -0.531038
  1.271484   0.118557
  1.274414   0.238238
  1.277344  -0.638011
  1.280273   0.226069
  1.283203  -0.369933
  1.286133  -0.240134
  1.289062   0.117572
  1.291992  -0.444054
  1.294922   0.198240
  1.297852  -0.683824
  1.300781  -0.089474
  1.303711  -0.111318
  1.306641   0.076593
  1.309570   0.083748
  1.312500  -0.593232
  1.315430  -0.627410
  1.318359   0.060152
  1.321289   0.035021
  1.324219  -0.058038
  1.327148  -0.481724
  1.330078  -0.260437
  1.333008   0.340846
  1.335938  -0.421534
  1.338867   0.146522
  1.341797   0.310516
  1.344727   0.524836
  1.347656   0.605013
  1.350586   0.029333
  1.353516   0.637786
  1.356445   0.153074
  1.359375   0.266180
  1.362305   0.541147
  1.365234   0.189798
  1.368164   0.437134
  1.371094   0.583493
  1.374023   0.640336
  1.376953   0.018609
  1.379883   0.520826
  1.382812   0.011284
  1.385742   0.024268
  1.388672   0.634108
  1.391602   0.705977
  1.394531   0.681664
  1.397461   0.461562
  1.400391   0.520460
  1.403320   0.796897
  1.406250   0.518342
  1.409180   0.238661
  1.412109   0.462106
  1.415039   1.061063
  1.417969   0.326853
  1.420898   0.739490
  1.423828   0.906538
  1.426758   0.375824
  1.429688   0.321625
  1.432617   0.617173
  1.435547   0.264846
  1.438477   0.254618
  1.441406   0.938175
  1.444336   0.158046
  1.447266   0.627069
  1.450195   0.388074
  1.453125   0.847787
  1.456055   0.931023
  1.458984   0.905765
  1.461914   0.479221
  1.464844   0.587810
  1.467773  -0.089407
  1.470703  -0.042579
  1.473633   0.529136
  1.476562  -0.160799
  1.479492   0.471907
  1.482422   0.093374
  1.485352   0.358945
  1.488281  -0.246604
  1.491211   0.417712
  1.494141  -0.054148
  1.497070   0.050120
  1.500000   0.425425
  1.502930   0.170020
  1.505859  -0.131366
  1.508789  -0.492477
  1.511719  -0.335026
  1.514648  -0.466710
  1.517578  -0.353447
  1.520508  -0.242681
  1.523438  -0.068894
  1.526367  -0.295655
  1.529297  -0.180467
  1.532227  -0.306171
  1.535156  -0.293860
  1.538086  -0.688259
  1.541016  -0.029449
  1.543945  -0.531869
  1.546875  -0.815519
  1.549805  -0.152584
  1.552734  -0.050395
  1.555664  -0.192637
  1.558594  -0.172545
  1.561523  -0.987715
  1.564453  -0.521111
  1.567383  -0.152632
  1.570312  -0.295713
  1.573242  -0.167335
  1.576172  -0.492188
  1.579102  -0.199072
  1.582031  -0.364128
  1.584961  -1.118234
  1.587891  -0.678030
  1.590820  -0.424897
  1.593750  -0.391606
  1.596680  -0.210217
  1.599609  -0.276001
  1.602539  -1.043589
  1.605469  -0.952882
  1.608398  -0.865211
  1.611328  -0.482788
  1.614258  -0.180133
  1.617188  -0.282276
  1.620117  -0.749064
  1.623047  -0.537976
  1.625977  -0.595257
  1.628906  -0.425588
  1.631836  -0.526637
  1.634766  -0.059187
  1.637695  -0.148014
  1.640625  -0.563056
  1.643555   0.027494
  1.646484  -0.184897
  1.649414  -0.563461
  1.652344   0.225954
  1.655273  -0.508194
  1.658203  -0.509075
  1.661133   0.144000
  1.664062  -0.457507
  1.666992   0.218528
  1.669922   0.163995
  1.672852   0.394219
  1.675781   0.310467
  1.678711  -0.311988
  1.681641   0.160834
  1.684570   0.097474
  1.687500   0.641197
  1.690430   0.030775
  1.693359   0.180190
  1.696289  -0.207116
  1.699219   0.246384
  1.702148  -0.247441
  1.705078   0.640432
  1.708008  -0.037387
  1.710938  -0.028767
  1.713867   0.037971
  1.716797   0.269317
  1.719727   0.412861
  1.722656   0.342754
  1.725586   0.004852
  1.728516   0.022121
  1.731445   0.498926
  1.734375  -0.286905
  1.737305   0.479220
  1.740234   0.538601
  1.743164   0.503384
  1.746094   0.496792
  1.749023  -0.482880
  1.751953   0.097379
  1.754883  -0.547582
  1.757812   0.112832
  1.760742  -0.396318
  1.763672   0.155314
  1.766602  -0.300252
  1.769531  -0.462511
  1.772461  -0.466988
  1.775391  -0.012962
  1.778320  -0.656520
  1.781250  -0.294267
  1.784180  -0.711367
  1.787109  -0.760327
  1.790039  -0.960101
  1.792969  -0.883873
  1.795898  -1.055007
  1.798828  -0.939752
  1.801758  -0.859052
  1.804688  -0.964525
  1.807617  -1.615835
  1.810547  -1.386283
  1.813477  -1.553266
  1.816406  -1.530555
  1.819336  -1.268435
  1.822266  -1.939921
  1.825195  -1.680934
  1.828125  -1.627159
  1.831055  -1.210323
  1.833984  -1.954199
  1.836914  -1.871296
  1.839844  -1.395062
  1.842773  -1.516327
  1.845703  -2.032790
  1.848633  -1.847395
  1.851562  -2.425966
  1.854492  -2.335969
  1.857422  -2.548408
  1.860352  -2.228731
  1.863281  -2.080037
  1.866211  -2.772748
  1.869141  -2.028536
  1.872070  -2.447246
  1.875000  -2.484630
  1.877930  -2.715024
  1.880859  -2.257411
  1.883789  -2.140892
  1.886719  -2.463370
  1.889648  -2.810254
  1.892578  -2.531803
  1.895508  -2.877728
  1.898438  -2.793324
  1.901367  -2.202354
  1.904297  -2.632154
  1.907227  -2.441997
  1.910156  -2.506161
  1.913086  -2.525221
  1.916016  -1.994589
  1.918945  -1.924467
  1.921875  -2.447365
  1.924805  -2.582707
  1.927734  -2.353416
  1.930664  -2.325685
  1.933594  -2.509974
  1.936523  -1.727130
  1.939453  -2.446490
  1.942383  -2.144558
  1.945312  -2.209837
  1.948242  -2.082875
  1.951172  -1.405805
  1.954102  -1.270415
  1.957031  -1.787848
  1.959961  -1.322080
  1.962891  -1.564900
  1.965820  -1.083358
  1.968750  -0.815903
  1.971680  -0.573435
  1.974609  -0.952233
  1.977539  -0.988746
  1.980469  -1.079401
  1.983398  -0.170801
  1.986328  -0.549207
  1.989258  -0.556383
  1.992188  -0.062764
  1.995117   0.118027
  1.998047   0.284910
  2.000977  -0.306832
  2.003906  -0.171400
  2.006836   0.494722
  2.009766  -0.063355
  2.012695   0.507677
  2.015625   0.991975
  2.018555   0.611774
  2.021484   1.154278
  2.024414   1.393254
  2.027344   0.730199
  2.030273   1.483081
  2.033203   0.949296
  2.036133   1.141960
  2.039062   0.938642
  2.041992   0.994754
  2.044922   1.231794
  2.047852   1.416359
  2.050781   1.840068
  2.053711   1.732826
  2.056641   2.294377
  2.059570   1.878107
  2.062500   1.903225
  2.065430   1.973435
  2.068359   2.405887
  2.071289   2.223613
  2.074219   2.083940
  2.077148   2.018014
  2.080078   2.707342
  2.083008   1.939075
  2.085938   1.930983
  2.088867   2.663756
  2.091797   2.180084
  2.094727   2.183785
  2.097656   2.459331
  2.100586   2.294771
  2.103516   2.747494
  2.106445   2.386375
  2.109375   2.721956
  2.112305   2.599064
  2.115234   2.360595
  2.118164   2.918815
  2.121094   2.436760
  2.124023   2.554935
  2.126953   2.198956
  2.129883   2.409627
  2.132812   2.483077
  2.135742   2.266611
  2.138672   2.567822
  2.141602   1.974631
  2.144531   2.564422
  2.147461   2.344686
  2.150391   2.256876
  2.153320   1.797728
  2.156250   1.578554
  2.159180   1.858084
  2.162109   2.156174
  2.165039   1.741569
  2.167969   1.904210
  2.170898   1.845537
  2.173828   1.621492
  2.176758   1.739835
  2.179688   1.382717
  2.182617   1.648789
  2.185547   1.749633
  2.188477   1.651860
  2.191406   0.742159
  2.194336   1.289453
  2.197266   0.829196
  2.200195   1.258545
  2.203125   0.691198
  2.206055   1.005407
  2.208984   1.010519
  2.211914   0.983149
  2.214844   0.441953
  2.217773   0.121759
  2.220703   0.339859
  2.223633   0.910890
  2.226562   0.416835
  2.229492  -0.017581
  2.232422   0.010026
  2.235352   0.158853
  2.238281   0.560925
  2.241211   0.559901
  2.244141   0.311506
  2.247070  -0.441115
  2.250000  -0.095785
  2.252930   0.022871
  2.255859  -0.073470
  2.258789  -0.492903
  2.261719  -0.358836
  2.264648  -0.603864
  2.267578   0.171450
  2.270508   0.025637
  2.273438   0.124530
  2.276367   0.078928
  2.279297  -0.086244
  2.282227   0.181321
  2.285156  -0.238867
  2.288086   0.213359
  2.291016  -0.012735
  2.293945   0.075851
  2.296875  -0.082651
  2.299805  -0.229829
  2.302734  -0.096240
  2.305664   0.274815
  2.308594  -0.123583
  2.311523   0.295133
  2.314453   0.302148
  2.317383  -0.527624
  2.320312  -0.483022
  2.323242  -0.390614
  2.326172  -0.016402
  2.329102  -0.517310
  2.332031  -0.376346
  2.334961  -0.203877
  2.337891  -0.413766
  2.340820   0.113099
  2.343750   0.441654
  2.346680   0.169679
  2.349609   0.308139
  2.352539  -0.201446
  2.355469   0.306074
  2.358398   0.241112
  2.361328   0.603713
  2.364258   0.224887
  2.367188   0.125868
  2.370117   0.331657
  2.373047   0.225626
  2.375977   0.708568
  2.378906   0.365725
  2.381836   0.029797
  2.384766   0.594676
  2.387695   0.083914
  2.390625   0.588735
  2.393555   0.272571
  2.396484   0.115799
  2.399414   0.202838
  2.402344   0.283822
  2.405273   0.110442
  2.408203   0.342173
  2.411133   0.440454
  2.414062   0.330561
  2.416992   0.906118
  2.419922   0.471794
  2.422852   0.470022
  2.425781   0.184215
  2.428711   0.505350
  2.431641   0.995128
  2.434570   1.002073
  2.437500   1.015098
  2.440430   0.607044
  2.443359   1.068107
  2.446289   0.552527
  2.449219   0.043708
  2.452148   0.832053
  2.455078   0.902964
  2.458008   0.261232
  2.460938   0.222405
  2.463867   0.155404
  2.466797  -0.034052
  2.469727   0.554957
  2.472656   0.124181
  2.475586   0.473342
  2.478516   0.527039
  2.481445   0.578335
  2.484375   0.590500
  2.487305   0.468583
  2.490234   0.590164
  2.493164  -0.331292
  2.496094   0.361033
  2.499023  -0.295760
  2.501953  -0.126707
  2.504883  -0.549682
  2.507812   0.366071
  2.510742   0.100210
  2.513672  -0.322701
  2.516602  -0.688473
  2.519531  -0.626497
  2.522461  -0.550503
  2.525391   0.102179
  2.528320  -0.808945
  2.531250  -0.124818
  2.534180   0.007389
  2.537109  -0.398647
  2.540039  -0.200526
  2.542969  -0.255094
  2.545898  -0.563349
  2.548828  -0.978189
  2.551758  -1.041011
  2.554688  -0.383991
  2.557617  -0.954422
  2.560547  -0.392885
  2.563477  -0.129939
  2.566406  -0.313266
  2.569336  -0.658991
  2.572266  -0.304729
  2.575195  -0.435043
  2.578125  -0.861139
  2.581055  -0.343201
  2.583984  -0.352466
  2.586914  -1.043472
  2.589844  -0.139447
  2.592773  -0.936814
  2.595703  -1.008133
  2.598633  -0.146017
  2.601562  -0.167387
  2.604492  -0.620374
  2.607422  -0.083554
  2.610352  -1.003369
  2.613281  -0.341827
  2.616211  -0.114956
  2.619141  -0.909833
  2.622070  -0.529522
  2.625000  -0.137355
  2.627930  -0.306834
  2.630859  -0.698738
  2.633789  -0.333343
  2.636719  -0.785250
  2.639648  -0.568216
  2.642578  -0.244005
  2.645508  -0.019464
  2.648438  -0.355703
  2.651367  -0.455131
  2.654297   0.044804
  2.657227  -0.464746
  2.660156   0.097670
  2.663086  -0.043047
  2.666016   0.319692
  2.668945   0.456115
  2.671875  -0.169046
  2.674805   0.179564
  2.677734  -0.382331
  2.680664  -0.113207
  2.683594   0.425920
  2.686523  -0.221741
  2.689453  -0.107217
  2.692383   0.391623
  2.695312   0.269926
  2.698242  -0.101813
  2.701172   0.452171
  2.704102  -0.034864
  2.707031  -0.208361
  2.709961   0.520501
  2.712891   0.382022
  2.715820   0.567569
  2.718750   0.092587
  2.721680   0.526744
  2.724609   0.041273
  2.727539   0.077167
  2.730469  -0.309506
  2.733398   0.490881
  2.736328  -0.287360
  2.739258  -0.049117
  2.742188  -0.386995
  2.745117   0.296030
  2.748047  -0.013598
  2.750977   0.173128
  2.753906  -0.321690
  2.756836  -0.304851
  2.759766  -0.016953
  2.762695  -0.170998
  2.765625   0.161738
  2.768555  -0.143458
  2.771484  -0.057898
  2.774414  -0.213727
  2.777344  -0.192298
  2.780273  -0.015803
  2.783203  -0.694116
  2.786133  -0.813309
  2.789062  -1.024953
  2.791992  -1.163033
  2.794922  -0.780255
  2.797852  -1.173518
  2.800781  -0.587901
  2.803711  -1.345707
  2.806641  -1.552399
  2.809570  -1.437534
  2.812500  -0.753691
  2.815430  -1.435043
  2.818359  -1.270118
  2.821289  -1.955387
  2.824219  -1.815382
  2.827148  -1.404311
  2.830078  -1.823529
  2.833008  -1.990189
  2.835938  -1.861485
  2.838867  -1.552379
  2.841797  -1.491044
  2.844727  -1.812642
  2.847656  -2.438989
  2.850586  -2.038940
  2.853516  -2.460734
  2.856445  -1.697574
  2.859375  -2.543123
  2.862305  -1.817059
  2.865234  -2.144853
  2.868164  -1.901660
  2.871094  -1.929493
  2.874023  -2.863847
  2.876953  -2.666121
  2.879883  -2.830058
  2.882812  -2.825327
  2.885742  -2.166205
  2.888672  -2.643538
  2.891602  -2.972259
  2.894531  -2.989162
  2.897461  -2.590756
  2.900391  -2.721746
  2.903320  -2.971719
  2.906250  -2.171575
  2.909180  -2.054770
  2.912109  -2.907587
  2.915039  -1.885682
  2.917969  -2.276940
  2.920898  -2.469230
  2.923828  -2.535583
  2.926758  -2.721305
  2.929688  -2.529444
  2.932617  -2.461430
  2.935547  -1.897940
  2.938477  -2.264057
  2.941406  -1.730269
  2.944336  -1.525704
  2.947266  -2.068834
  2.950195  -1.324016
  2.953125  -1.340229
  2.956055  -1.161600
  2.958984  -1.127808
  2.961914  -1.130010
  2.964844  -0.847980
  2.967773  -1.582936
  2.970703  -0.719919
  2.973633  -1.408492
  2.976562  -0.464268
  2.979492  -1.063224
  2.982422  -1.069959
  2.985352  -0.136956
  2.988281  -0.336775
  2.991211  -0.478768
  2.994141   0.194942
  2.997070  -0.219125


  0.000000  -0.025450
  0.002930   0.073014
  0.005859   0.176158
  0.008789   0.281372
  0.011719   0.391158
  0.014648   0.492361
  0.017578   0.584873
  0.020508   0.705380
  0.023438   0.798764
  0.026367   0.897213
  0.029297   0.976137
  0.032227   1.087199
  0.035156   1.164404
  0.038086   1.251213
  0.041016   1.354842
  0.043945   1.432976
  0.046875   1.514889
  0.049805   1.609926
  0.052734   1.689039
  0.055664   1.757329
  0.058594   1.815401
  0.061523   1.902643
  0.064453   1.970619
  0.067383   2.024426
  0.070312   2.091372
  0.073242   2.143804
  0.076172   2.198904
  0.079102   2.236329
  0.082031   2.268810
  0.084961   2.326890
  0.087891   2.352137
  0.090820   2.382077
  0.093750   2.423810
  0.096680   2.437407
  0.099609   2.457992
  0.102539   2.467522
  0.105469   2.496685
  0.108398   2.497144
  0.111328   2.487755
  0.114258   2.500000
  0.117188   2.490087
  0.120117   2.480338
  0.123047   2.470543
  0.125977   2.462527
  0.128906   2.438707
  0.131836   2.434137
  0.134766   2.408511
  0.137695   2.373702
  0.140625   2.346426
  0.143555   2.313206
  0.146484   2.263316
  0.149414   2.242086
  0.152344   2.192004
  0.155273   2.165454
  0.158203   2.101568
  0.161133   2.053814
  0.164062   2.019168
  0.166992   1.954030
  0.169922   1.919455
  0.172852   1.869505
  0.175781   1.791173
  0.178711   1.742829
  0.181641   1.688233
  0.184570   1.649344
  0.187500   1.588897
  0.190430   1.533620
  0.193359   1.459552
  0.196289   1.415787
  0.199219   1.352819
  0.202148   1.293335
  0.205078   1.234288
  0.208008   1.193711
  0.210938   1.132967
  0.213867   1.076555
  0.216797   1.016374
  0.219727   0.951795
  0.222656   0.914398
  0.225586   0.855644
  0.228516   0.814497
  0.231445   0.755552
  0.234375   0.700204
  0.237305   0.676542
  0.240234   0.610771
  0.243164   0.578030
  0.246094   0.547217
  0.249023   0.494915
  0.251953   0.466004
  0.254883   0.426187
  0.257812   0.391839
  0.260742   0.357309
  0.263672   0.325753
  0.266602   0.300366
  0.269531   0.277990
  0.272461   0.253229
  0.275391   0.223213
  0.278320   0.203061
  0.281250   0.186089
  0.284180   0.173158
  0.287109   0.144767
  0.290039   0.128126
  0.292969   0.118783
  0.295898   0.121897
  0.298828   0.099008
  0.301758   0.090448
  0.304688   0.097890
  0.307617   0.102496
  0.310547   0.088143
  0.313477   0.087962
  0.316406   0.090174
  0.319336   0.089658
  0.322266   0.111893
  0.325195   0.110693
  0.328125   0.108937
  0.331055   0.141786
  0.333984   0.126703
  0.336914   0.138955
  0.339844   0.162365
  0.342773   0.187074
  0.345703   0.198292
  0.348633   0.196171
  0.351562   0.220867
  0.354492   0.232858
  0.357422   0.263318
  0.360352   0.265661
  0.363281   0.278517
  0.366211   0.302321
  0.369141   0.305611
  0.372070   0.320328
  0.375000   0.347781
  0.377930   0.364872
  0.380859   0.375069
  0.383789   0.403107
  0.386719   0.403230
  0.389648   0.424042
  0.392578   0.419243
  0.395508   0.428360
  0.398438   0.453366
  0.401367   0.459751
  0.404297   0.464537
  0.407227   0.485847
  0.410156   0.484129
  0.413086   0.474113
  0.416016   0.483537
  0.418945   0.495821
  0.421875   0.477396
  0.424805   0.484980
  0.427734   0.493807
  0.430664   0.482096
  0.433594   0.468967
  0.436523   0.470685
  0.439453   0.465740
  0.442383   0.457821
  0.445312   0.423795
  0.448242   0.429152
  0.451172   0.403267
  0.454102   0.389607
  0.457031   0.370663
  0.459961   0.355880
  0.462891   0.337223
  0.465820   0.326462
  0.468750   0.310058
  0.471680   0.283555
  0.474609   0.255712
  0.477539   0.223039
  0.480469   0.201935
  0.483398   0.182804
  0.486328   0.146066
  0.489258   0.110178
  0.492188   0.086818
  0.495117   0.073500
  0.498047   0.051163
  0.500977   0.019848
  0.503906  -0.008148
  0.506836  -0.051956
  0.509766  -0.072367
  0.512695  -0.090623
  0.515625  -0.124815
  0.518555  -0.160483
  0.521484  -0.184934
  0.524414  -0.224988
  0.527344  -0.249923
  0.530273  -0.268567
  0.533203  -0.276218
  0.536133  -0.321017
  0.539062  -0.346338
  0.541992  -0.362433
  0.544922  -0.374025
  0.547852  -0.397756
  0.550781  -0.406641
  0.553711  -0.413503
  0.556641  -0.423286
  0.559570  -0.450478
  0.562500  -0.456734
  0.565430  -0.466183
  0.568359  -0.469040
  0.571289  -0.494225
  0.574219  -0.492003
  0.577148  -0.500133
  0.580078  -0.501335
  0.583008  -0.490016
  0.585938  -0.478687
  0.588867  -0.497100
  0.591797  -0.484035
  0.594727  -0.467684
  0.597656  -0.469198
  0.600586  -0.471831
  0.603516  -0.441580
  0.606445  -0.445662
  0.609375  -0.425138
  0.612305  -0.416986
  0.615234  -0.403947
  0.618164  -0.380032
  0.621094  -0.363297
  0.624023  -0.359737
  0.626953  -0.328042
  0.629883  -0.313291
  0.632812  -0.303965
  0.635742  -0.291406
  0.638672  -0.253846
  0.641602  -0.236404
  0.644531  -0.243303
  0.647461  -0.202057
  0.650391  -0.200167
  0.653320  -0.175686
  0.656250  -0.163840
  0.659180  -0.158801
  0.662109  -0.127544
  0.665039  -0.111263
  0.667969  -0.114023
  0.670898  -0.113350
  0.673828  -0.089110
  0.676758  -0.085692
  0.679688  -0.082477
  0.682617  -0.053764
  0.685547  -0.072071
  0.688477  -0.054302
  0.691406  -0.069349
  0.694336  -0.044231
  0.697266  -0.046541
  0.700195  -0.058288
  0.703125  -0.071222
  0.706055  -0.079869
  0.708984  -0.087993
  0.711914  -0.105291
  0.714844  -0.104318
  0.717773  -0.130970
  0.720703  -0.128492
  0.723633  -0.169211
  0.726562  -0.178832
  0.729492  -0.190122
  0.732422  -0.236847
  0.735352  -0.248808
  0.738281  -0.269728
  0.741211  -0.309336
  0.744141  -0.346783
  0.747070  -0.377338
  0.750000  -0.404786
  0.752930  -0.458699
  0.755859  -0.491868
  0.758789  -0.539886
  0.761719  -0.581893
  0.764648  -0.606151
  0.767578  -0.664687
  0.770508  -0.715926
  0.773438  -0.750189
  0.776367  -0.808373
  0.779297  -0.877135
  0.782227  -0.932046
  0.785156  -0.968800
  0.788086  -1.041573
  0.791016  -1.080023
  0.793945  -1.127237
  0.796875  -1.204007
  0.799805  -1.243697
  0.802734  -1.326898
  0.805664  -1.363349
  0.808594  -1.443689
  0.811523  -1.480304
  0.814453  -1.538794
  0.817383  -1.607627
  0.820312  -1.659793
  0.823242  -1.711087
  0.826172  -1.791190
  0.829102  -1.833257
  0.832031  -1.890676
  0.834961  -1.944441
  0.837891  -1.978706
  0.840820  -2.050675
  0.843750  -2.087391
  0.846680  -2.137261
  0.849609  -2.181717
  0.852539  -2.210566
  0.855469  -2.260540
  0.858398  -2.281621
  0.861328  -2.305678
  0.864258  -2.359860
  0.867188  -2.379436
  0.870117  -2.410892
  0.873047  -2.429213
  0.875977  -2.421187
  0.878906  -2.459756
  0.881836  -2.449700
  0.884766  -2.448889
  0.887695  -2.467651
  0.890625  -2.455701
  0.893555  -2.468105
  0.896484  -2.452954
  0.899414  -2.422924
  0.902344  -2.401355
  0.905273  -2.402124
  0.908203  -2.370857
  0.911133  -2.331931
  0.914062  -2.315216
  0.916992  -2.268359
  0.919922  -2.232654
  0.922852  -2.180144
  0.925781  -2.123230
  0.928711  -2.087558
  0.931641  -2.019013
  0.934570  -1.968648
  0.937500  -1.899289
  0.940430  -1.822006
  0.943359  -1.749983
  0.946289  -1.682962
  0.949219  -1.610013
  0.952148  -1.520653
  0.955078  -1.441927
  0.958008  -1.354032
  0.960938  -1.265261
  0.963867  -1.177773
  0.966797  -1.086533
  0.969727  -0.989328
  0.972656  -0.904617
  0.975586  -0.801769
  0.978516  -0.716835
  0.981445  -0.618061
  0.984375  -0.502093
  0.987305  -0.408827
  0.990234  -0.291373
  0.993164  -0.197595
  0.996094  -0.097726
  0.999023  -0.001918
  1.001953   0.101155
  1.004883   0.211411
  1.007812   0.315372
  1.010742   0.410970
  1.013672   0.498275
  1.016602   0.607184
  1.019531   0.710056
  1.022461   0.805460
  1.025391   0.900189
  1.028320   1.003885
  1.031250   1.076310
  1.034180   1.166908
  1.037109   1.257864
  1.040039   1.347867
  1.042969   1.441293
  1.045898   1.521295
  1.048828   1.578682
  1.051758   1.665419
  1.054688   1.734827
  1.057617   1.810790
  1.060547   1.864120
  1.063477   1.913437
  1.066406   1.985601
  1.069336   2.043432
  1.072266   2.081803
  1.075195   2.131142
  1.078125   2.170288
  1.081055   2.213364
  1.083984   2.243147
  1.086914   2.296313
  1.089844   2.321342
  1.092773   2.340404
  1.095703   2.362451
  1.098633   2.378407
  1.101562   2.408580
  1.104492   2.406498
  1.107422   2.421038
  1.110352   2.417220
  1.113281   2.403040
  1.116211   2.406515
  1.119141   2.402492
  1.122070   2.386775
  1.125000   2.381291
  1.127930   2.371104
  1.130859   2.350873
  1.133789   2.319210
  1.136719   2.300191
  1.139648   2.251578
  1.142578   2.224088
  1.145508   2.195248
  1.148438   2.146826
  1.151367   2.128320
  1.154297   2.080271
  1.157227   2.039262
  1.160156   1.989839
  1.163086   1.951057
  1.166016   1.878576
  1.168945   1.847255
  1.171875   1.778908
  1.174805   1.723423
  1.177734   1.680950
  1.180664   1.633215
  1.183594   1.568727
  1.186523   1.524440
  1.189453   1.445141
  1.192383   1.395337
  1.195312   1.337627
  1.198242   1.293491
  1.201172   1.236704
  1.204102   1.165662
  1.207031   1.101942
  1.209961   1.049804
  1.212891   1.003367
  1.215820   0.950342
  1.218750   0.879956
  1.221680   0.836593
  1.224609   0.778614
  1.227539   0.747056
  1.230469   0.688237
  1.233398   0.638959
  1.236328   0.589798
  1.239258   0.552259
  1.242188   0.501083
  1.245117   0.478652
  1.248047   0.421483
  1.250977   0.400117
  1.253906   0.364417
  1.256836   0.317808
  1.259766   0.294110
  1.262695   0.248386
  1.265625   0.233780
  1.268555   0.200528
  1.271484   0.196657
  1.274414   0.180088
  1.277344   0.137836
  1.280273   0.146103
  1.283203   0.115728
  1.286133   0.107571
  1.289062   0.107733
  1.291992   0.084220
  1.294922   0.096128
  1.297852   0.067415
  1.300781   0.081605
  1.303711   0.080351
  1.306641   0.086590
  1.309570   0.089373
  1.312500   0.074601
  1.315430   0.079152
  1.318359   0.105139
  1.321289   0.112518
  1.324219   0.119157
  1.327148   0.117642
  1.330078   0.135051
  1.333008   0.163902
  1.335938   0.155529
  1.338867   0.184870
  1.341797   0.203512
  1.344727   0.224009
  1.347656   0.241123
  1.350586   0.240220
  1.353516   0.272453
  1.356445   0.274293
  1.359375   0.292745
  1.362305   0.315573
  1.365234   0.320734
  1.368164   0.342261
  1.371094   0.360581
  1.374023   0.375934
  1.376953   0.371835
  1.379883   0.398415
  1.382812   0.396119
  1.385742   0.407615
  1.388672   0.434912
  1.391602   0.446342
  1.394531   0.454156
  1.397461   0.455531
  1.400391   0.463644
  1.403320   0.476742
  1.406250   0.473271
  1.409180   0.468624
  1.412109   0.476819
  1.415039   0.494275
  1.417969   0.473382
  1.420898   0.483202
  1.423828   0.484941
  1.426758   0.465998
  1.429688   0.459080
  1.432617   0.460663
  1.435547   0.442967
  1.438477   0.433582
  1.441406   0.442322
  1.444336   0.409120
  1.447266   0.409565
  1.450195   0.389180
  1.453125   0.387185
  1.456055   0.373675
  1.458984   0.356165
  1.461914   0.326549
  1.464844   0.310967
  1.467773   0.272687
  1.470703   0.253825
  1.473633   0.248901
  1.476562   0.208222
  1.479492   0.203840
  1.482422   0.170822
  1.485352   0.155347
  1.488281   0.115288
  1.491211   0.110351
  1.494141   0.073597
  1.497070   0.052793
  1.500000   0.039515
  1.502930   0.008720
  1.505859  -0.023236
  1.508789  -0.056666
  1.511719  -0.075396
  1.514648  -0.101858
  1.517578  -0.121114
  1.520508  -0.139997
  1.523438  -0.156625
  1.526367  -0.183856
  1.529297  -0.200959
  1.532227  -0.224119
  1.535156  -0.242738
  1.538086  -0.271944
  1.541016  -0.271035
  1.543945  -0.301652
  1.546875  -0.325323
  1.549805  -0.321743
  1.552734  -0.332865
  1.555664  -0.349851
  1.558594  -0.361345
  1.561523  -0.395109
  1.564453  -0.392154
  1.567383  -0.390895
  1.570312  -0.402830
  1.573242  -0.406132
  1.576172  -0.420974
  1.579102  -0.417508
  1.582031  -0.425700
  1.584961  -0.449191
  1.587891  -0.438306
  1.590820  -0.431521
  1.593750  -0.429755
  1.596680  -0.422769
  1.599609  -0.421586
  1.602539  -0.438885
  1.605469  -0.431237
  1.608398  -0.422659
  1.611328  -0.404889
  1.614258  -0.388396
  1.617188  -0.382277
  1.620117  -0.385462
  1.623047  -0.368967
  1.625977  -0.359209
  1.628906  -0.342455
  1.631836  -0.332637
  1.634766  -0.306455
  1.637695  -0.295318
  1.640625  -0.292901
  1.643555  -0.262199
  1.646484  -0.253677
  1.649414  -0.249696
  1.652344  -0.213193
  1.655273  -0.219238
  1.658203  -0.205076
  1.661133  -0.173021
  1.664062  -0.176339
  1.666992  -0.144609
  1.669922  -0.133873
  1.672852  -0.115958
  1.675781  -0.107648
  1.678711  -0.115308
  1.681641  -0.093532
  1.684570  -0.087863
  1.687500  -0.066557
  1.690430  -0.078769
  1.693359  -0.071281
  1.696289  -0.080296
  1.699219  -0.067532
  1.702148  -0.082875
  1.705078  -0.061530
  1.708008  -0.085661
  1.710938  -0.092605
  1.713867  -0.099920
  1.716797  -0.104694
  1.719727  -0.113999
  1.722656  -0.131381
  1.725586  -0.158377
  1.728516  -0.177658
  1.731445  -0.186330
  1.734375  -0.232370
  1.737305  -0.237377
  1.740234  -0.264254
  1.743164  -0.295930
  1.746094  -0.328945
  1.749023  -0.391163
  1.751953  -0.411986
  1.754883  -0.468934
  1.757812  -0.491461
  1.760742  -0.548430
  1.763672  -0.577642
  1.766602  -0.636608
  1.769531  -0.689015
  1.772461  -0.738535
  1.775391  -0.776686
  1.778320  -0.846698
  1.781250  -0.889865
  1.784180  -0.955789
  1.787109  -1.012378
  1.790039  -1.073955
  1.792969  -1.128498
  1.795898  -1.190444
  1.798828  -1.244785
  1.801758  -1.300315
  1.804688  -1.361114
  1.807617  -1.437051
  1.810547  -1.488239
  1.813477  -1.550110
  1.816406  -1.606186
  1.819336  -1.654933
  1.822266  -1.728874
  1.825195  -1.775939
  1.828125  -1.827614
  1.831055  -1.867923
  1.833984  -1.939163
  1.836914  -1.985832
  1.839844  -2.019860
  1.842773  -2.068705
  1.845703  -2.126594
  1.848633  -2.162834
  1.851562  -2.218122
  1.854492  -2.252424
  1.857422  -2.292661
  1.860352  -2.315465
  1.863281  -2.340298
  1.866211  -2.385719
  1.869141  -2.388158
  1.872070  -2.419924
  1.875000  -2.437903
  1.877930  -2.457997
  1.880859  -2.455577
  1.883789  -2.459225
  1.886719  -2.471593
  1.889648  -2.481062
  1.892578  -2.469475
  1.895508  -2.471587
  1.898438  -2.457977
  1.901367  -2.426484
  1.904297  -2.419624
  1.907227  -2.391680
  1.910156  -2.366994
  1.913086  -2.337229
  1.916016  -2.288343
  1.918945  -2.248496
  1.921875  -2.221410
  1.924805  -2.179818
  1.927734  -2.124410
  1.930664  -2.071021
  1.933594  -2.020017
  1.936523  -1.938637
  1.939453  -1.895756
  1.942383  -1.821188
  1.945312  -1.753721
  1.948242  -1.677893
  1.951172  -1.583867
  1.954102  -1.502188
  1.957031  -1.436099
  1.959961  -1.340180
  1.962891  -1.261713
  1.965820  -1.160947
  1.968750  -1.064189
  1.971680  -0.966344
  1.974609  -0.884195
  1.977539  -0.791084
  1.980469  -0.698231
  1.983398  -0.576480
  1.986328  -0.489692
  1.989258  -0.391865
  1.992188  -0.279571
  1.995117  -0.175656
  1.998047  -0.071975
  2.000977   0.010550
  2.003906   0.113126
  2.006836   0.230105
  2.009766   0.312436
  2.012695   0.425497
  2.015625   0.535258
  2.018555   0.619895
  2.021484   0.729028
  2.024414   0.828349
  2.027344   0.901039
  2.030273   1.011515
  2.033203   1.084360
  2.036133   1.175511
  2.039062   1.253571
  2.041992   1.336671
  2.044922   1.422500
  2.047852   1.504441
  2.050781   1.590504
  2.053711   1.659132
  2.056641   1.743640
  2.059570   1.798068
  2.062500   1.861853
  2.065430   1.923872
  2.068359   1.992876
  2.071289   2.041580
  2.074219   2.088223
  2.077148   2.133609
  2.080078   2.196664
  2.083008   2.215702
  2.085938   2.252450
  2.088867   2.306332
  2.091797   2.322802
  2.094727   2.349291
  2.097656   2.379778
  2.100586   2.394425
  2.103516   2.422680
  2.106445   2.424688
  2.109375   2.442534
  2.112305   2.444063
  2.115234   2.438855
  2.118164   2.452354
  2.121094   2.433438
  2.124023   2.427855
  2.126953   2.405735
  2.129883   2.396137
  2.132812   2.379531
  2.135742   2.351745
  2.138672   2.335364
  2.141602   2.291152
  2.144531   2.277077
  2.147461   2.237751
  2.150391   2.199514
  2.153320   2.148473
  2.156250   2.101783
  2.159180   2.066788
  2.162109   2.030253
  2.165039   1.971957
  2.167969   1.927980
  2.170898   1.876230
  2.173828   1.818425
  2.176758   1.768868
  2.179688   1.704940
  2.182617   1.657407
  2.185547   1.604475
  2.188477   1.545378
  2.191406   1.463200
  2.194336   1.421303
  2.197266   1.351203
  2.200195   1.305904
  2.203125   1.233024
  2.206055   1.185032
  2.208984   1.128914
  2.211914   1.072522
  2.214844   1.002587
  2.217773   0.939710
  2.220703   0.892855
  2.223633   0.856980
  2.226562   0.792699
  2.229492   0.731444
  2.232422   0.684518
  2.235352   0.642516
  2.238281   0.609195
  2.241211   0.566341
  2.244141   0.518355
  2.247070   0.458132
  2.250000   0.430344
  2.252930   0.398129
  2.255859   0.361838
  2.258789   0.318481
  2.261719   0.292484
  2.264648   0.257874
  2.267578   0.253627
  2.270508   0.225659
  2.273438   0.206425
  2.276367   0.185064
  2.279297   0.162246
  2.282227   0.153321
  2.285156   0.127049
  2.288086   0.126845
  2.291016   0.109475
  2.293945   0.102553
  2.296875   0.090387
  2.299805   0.080123
  2.302734   0.079215
  2.305664   0.086405
  2.308594   0.073591
  2.311523   0.084908
  2.314453   0.086073
  2.317383   0.065185
  2.320312   0.069846
  2.323242   0.076973
  2.326172   0.093019
  2.329102   0.085697
  2.332031   0.097195
  2.334961   0.110446
  2.337891   0.113856
  2.340820   0.138528
  2.343750   0.158347
  2.346680   0.162040
  2.349609   0.177695
  2.352539   0.175758
  2.355469   0.202535
  2.358398   0.213677
  2.361328   0.236965
  2.364258   0.239764
  2.367188   0.250442
  2.370117   0.269621
  2.373047   0.280049
  2.375977   0.306740
  2.378906   0.310212
  2.381836   0.313583
  2.384766   0.341675
  2.387695   0.339361
  2.390625   0.364817
  2.393555   0.366813
  2.396484   0.372585
  2.399414   0.384412
  2.402344   0.395268
  2.405273   0.398168
  2.408203   0.411419
  2.411133   0.419956
  2.414062   0.421641
  2.416992   0.441309
  2.419922   0.431690
  2.422852   0.432913
  2.425781   0.424978
  2.428711   0.432665
  2.431641   0.443735
  2.434570   0.440017
  2.437500   0.435111
  2.440430   0.417106
  2.443359   0.421934
  2.446289   0.398186
  2.449219   0.373262
  2.452148   0.383121
  2.455078   0.371672
  2.458008   0.339082
  2.460938   0.322029
  2.463867   0.302984
  2.466797   0.279372
  2.469727   0.276347
  2.472656   0.243887
  2.475586   0.232192
  2.478516   0.211386
  2.481445   0.189715
  2.484375   0.166241
  2.487305   0.138412
  2.490234   0.116837
  2.493164   0.065780
  2.496094   0.059339
  2.499023   0.015088
  2.501953  -0.006292
  2.504883  -0.044196
  2.507812  -0.044744
  2.510742  -0.078039
  2.513672  -0.115447
  2.516602  -0.150909
  2.519531  -0.174012
  2.522461  -0.196192
  2.525391  -0.201696
  2.528320  -0.250062
  2.531250  -0.253228
  2.534180  -0.270930
  2.537109  -0.302723
  2.540039  -0.316728
  2.542969  -0.336758
  2.545898  -0.362792
  2.548828  -0.390691
  2.551758  -0.407642
  2.554688  -0.403369
  2.557617  -0.432083
  2.560547  -0.428044
  2.563477  -0.431082
  2.566406  -0.445296
  2.569336  -0.462773
  2.572266  -0.459488
  2.575195  -0.468437
  2.578125  -0.484366
  2.581055  -0.472752
  2.583984  -0.474586
  2.586914  -0.494189
  2.589844  -0.468167
  2.592773  -0.488360
  2.595703  -0.487185
  2.598633  -0.458896
  2.601562  -0.454136
  2.604492  -0.460358
  2.607422  -0.438014
  2.610352  -0.455290
  2.613281  -0.427619
  2.616211  -0.411209
  2.619141  -0.422467
  2.622070  -0.400264
  2.625000  -0.377066
  2.627930  -0.368917
  2.630859  -0.366439
  2.633789  -0.342419
  2.636719  -0.340796
  2.639648  -0.320252
  2.642578  -0.296521
  2.645508  -0.275451
  2.648438  -0.269976
  2.651367  -0.257973
  2.654297  -0.229439
  2.657227  -0.229281
  2.660156  -0.199621
  2.663086  -0.190001
  2.666016  -0.166911
  2.668945  -0.150777
  2.671875  -0.156608
  2.674805  -0.136166
  2.677734  -0.142031
  2.680664  -0.125792
  2.683594  -0.103170
  2.686523  -0.114832
  2.689453  -0.106581
  2.692383  -0.089029
  2.695312  -0.090247
  2.698242  -0.099995
  2.701172  -0.085598
  2.704102  -0.101907
  2.707031  -0.111260
  2.709961  -0.097316
  2.712891  -0.109424
  2.715820  -0.114449
  2.718750  -0.139860
  2.721680  -0.141974
  2.724609  -0.171760
  2.727539  -0.189107
  2.730469  -0.220325
  2.733398  -0.220593
  2.736328  -0.266948
  2.739258  -0.287105
  2.742188  -0.325413
  2.745117  -0.337372
  2.748047  -0.379039
  2.750977  -0.408909
  2.753906  -0.459747
  2.756836  -0.498270
  2.759766  -0.531123
  2.762695  -0.578101
  2.765625  -0.613264
  2.768555  -0.667858
  2.771484  -0.713146
  2.774414  -0.766641
  2.777344  -0.816581
  2.780273  -0.863478
  2.783203  -0.935348
  2.786133  -0.992690
  2.789062  -1.053528
  2.791992  -1.113109
  2.794922  -1.158843
  2.797852  -1.226714
  2.800781  -1.267701
  2.803711  -1.346344
  2.806641  -1.409728
  2.809570  -1.464097
  2.812500  -1.502409
  2.815430  -1.578383
  2.818359  -1.630270
  2.821289  -1.705165
  2.824219  -1.756249
  2.827148  -1.798800
  2.830078  -1.863340
  2.833008  -1.919553
  2.835938  -1.966093
  2.838867  -2.006009
  2.841797  -2.051075
  2.844727  -2.104906
  2.847656  -2.165176
  2.850586  -2.194664
  2.853516  -2.244707
  2.856445  -2.259269
  2.859375  -2.316029
  2.862305  -2.326272
  2.865234  -2.363000
  2.868164  -2.380836
  2.871094  -2.403116
  2.874023  -2.447432
  2.876953  -2.456901
  2.879883  -2.473033
  2.882812  -2.480970
  2.885742  -2.467105
  2.888672  -2.481250
  2.891602  -2.487550
  2.894531  -2.481411
  2.897461  -2.459909
  2.900391  -2.449329
  2.903320  -2.438219
  2.906250  -2.394007
  2.909180  -2.364979
  2.912109  -2.359122
  2.915039  -2.297236
  2.917969  -2.270932
  2.920898  -2.235354
  2.923828  -2.192588
  2.926758  -2.149534
  2.929688  -2.092421
  2.932617  -2.035299
  2.935547  -1.961007
  2.938477  -1.909337
  2.941406  -1.829435
  2.944336  -1.755648
  2.947266  -1.699749
  2.950195  -1.605161
  2.953125  -1.529082
  2.956055  -1.445019
  2.958984  -1.362570
  2.961914  -1.278841
  2.964844  -1.185054
  2.967773  -1.117598
  2.970703  -1.003785
  2.973633  -0.931489
  2.976562  -0.812165
  2.979492  -0.734430
  2.982422  -0.638959
  2.985352  -0.516230
  2.988281  -0.424128
  2.991211  -0.329652
  2.994141  -0.211852
  2.997070  -0.123911
