	*****I*****
1.414214 1.732051 2.000000 2.236068 2.449490 2.645751 2.828427 
1.732051 2.000000 2.236068 2.449490 2.645751 2.828427 3.000000 
2.000000 2.236068 2.449490 2.645751 2.828427 3.000000 3.162278 
2.236068 2.449490 2.645751 2.828427 3.000000 3.162278 3.316625 
2.449490 2.645751 2.828427 3.000000 3.162278 3.316625 3.464102 
2.645751 2.828427 3.000000 3.162278 3.316625 3.464102 3.605551 
2.828427 3.000000 3.162278 3.316625 3.464102 3.605551 3.741657 

	Wartosci wlasne:
-4.02198e-07
4.43579e-07
-7.10793e-06
-0.00033598
-0.0133178
-0.712341
19.7862

	*****II HOTELLING*****
1.414214 1.732051 2.000000 2.236068 2.449490 2.645751 2.828427 
1.732051 2.000000 2.236068 2.449490 2.645751 2.828427 3.000000 
2.000000 2.236068 2.449490 2.645751 2.828427 3.000000 3.162278 
2.236068 2.449490 2.645751 2.828427 3.000000 3.162278 3.316625 
2.449490 2.645751 2.828427 3.000000 3.162278 3.316625 3.464102 
2.645751 2.828427 3.000000 3.162278 3.316625 3.464102 3.605551 
2.828427 3.000000 3.162278 3.316625 3.464102 3.605551 3.741657 

	Wartosci wlasne:
78.6769
-1.51474e+06
-nan
-nan
-nan
-nan
-nan

