0.4420869488	0.4420869488
-0.2629250305	-0.4979290236
-0.1858089502	-0.1375818946
-0.1864792758	-0.1892838357
-0.1864867868	-0.1864321619
-0.1864868943	-0.1864871836
-0.1864868960	-0.1864868957
-0.1864868960	-0.1864868960
-0.1864868960	-0.1864868960

0.4420869488	
-0.2629250305	-0.4979290236	
-0.1858089502	-0.1601035901	-0.1375818946	
-0.1864792758	-0.1867027177	-0.1884759929	-0.1892838357	
-0.1864867868	-0.1864892905	-0.1864750620	-0.1864433012	-0.1864321619	
-0.1864868943	-0.1864869302	-0.1864867728	-0.1864869587	-0.1864871299	-0.1864871836	
-0.1864868960	-0.1864868965	-0.1864868943	-0.1864868962	-0.1864868960	-0.1864868957	-0.1864868957	
-0.1864868960	-0.1864868960	-0.1864868960	-0.1864868960	-0.1864868960	-0.1864868960	-0.1864868960	-0.1864868960	
-0.1864868960	-0.1864868960	-0.1864868960	-0.1864868960	-0.1864868960	-0.1864868960	-0.1864868960	-0.1864868960	-0.1864868960	
