-0.0971410499	-0.0971410499
0.4083851989	0.5768939485
-0.2209681412	-0.4979290236
-0.1880063997	-0.1547412817
-0.1865747211	-0.1872519207
-0.1864922827	-0.1864826455
-0.1864872311	-0.1864869011
-0.1864869169	-0.1864868960
-0.1864868973	-0.1864868960

-0.0971410499	
0.4083851989	0.5768939485	
-0.2209681412	-0.4307525879	-0.4979290236	
-0.1880063997	-0.1770191525	-0.1601035901	-0.1547412817	
-0.1865747211	-0.1860974949	-0.1867027177	-0.1871249261	-0.1872519207	
-0.1864922827	-0.1864648033	-0.1864892905	-0.1864859028	-0.1864833968	-0.1864826455	
-0.1864872311	-0.1864855472	-0.1864869302	-0.1864868927	-0.1864868966	-0.1864869000	-0.1864869011	
-0.1864869169	-0.1864868122	-0.1864868965	-0.1864868960	-0.1864868960	-0.1864868960	-0.1864868960	-0.1864868960	
-0.1864868973	-0.1864868908	-0.1864868960	-0.1864868960	-0.1864868960	-0.1864868960	-0.1864868960	-0.1864868960	-0.1864868960	
