0.000000	1.000000
0.020000	1.000000
0.040000	0.999604
0.060000	0.998815
0.080000	0.997639
0.100000	0.996078
0.120000	0.994138
0.140000	0.991822
0.160000	0.989136
0.180000	0.986083
0.200000	0.982669
0.220000	0.978899
0.240000	0.974777
0.260000	0.970308
0.280000	0.965498
0.300000	0.960352
0.320000	0.954875
0.340000	0.949073
0.360000	0.942951
0.380000	0.936514
0.400000	0.929769
0.420000	0.922721
0.440000	0.915375
0.460000	0.907739
0.480000	0.899817
0.500000	0.891616
0.520000	0.883141
0.540000	0.874399
0.560000	0.865397
0.580000	0.856139
0.600000	0.846633
0.620000	0.836885
0.640000	0.826901
0.660000	0.816688
0.680000	0.806251
0.700000	0.795598
0.720000	0.784735
0.740000	0.773669
0.760000	0.762405
0.780000	0.750951
0.800000	0.739312
0.820000	0.727497
0.840000	0.715511
0.860000	0.703361
0.880000	0.691053
0.900000	0.678594
0.920000	0.665992
0.940000	0.653251
0.960000	0.640380
0.980000	0.627384
1.000000	0.614270
1.020000	0.601045
1.040000	0.587716
1.060000	0.574288
1.080000	0.560769
1.100000	0.547165
1.120000	0.533482
1.140000	0.519727
1.160000	0.505906
1.180000	0.492027
1.200000	0.478094
1.220000	0.464114
1.240000	0.450094
1.260000	0.436040
1.280000	0.421958
1.300000	0.407855
1.320000	0.393735
1.340000	0.379606
1.360000	0.365474
1.380000	0.351343
1.400000	0.337221
1.420000	0.323113
1.440000	0.309024
1.460000	0.294961
1.480000	0.280929
1.500000	0.266934
1.520000	0.252980
1.540000	0.239075
1.560000	0.225222
1.580000	0.211427
1.600000	0.197696
1.620000	0.184034
1.640000	0.170445
1.660000	0.156934
1.680000	0.143507
1.700000	0.130169
1.720000	0.116923
1.740000	0.103775
1.760000	0.090729
1.780000	0.077790
1.800000	0.064962
1.820000	0.052249
1.840000	0.039656
1.860000	0.027187
1.880000	0.014845
1.900000	0.002635
1.920000	-0.009439
1.940000	-0.021375
1.960000	-0.033167
1.980000	-0.044813
2.000000	-0.056309
2.020000	-0.067652
2.040000	-0.078838
2.060000	-0.089865
2.080000	-0.100729
2.100000	-0.111427
2.120000	-0.121956
2.140000	-0.132315
2.160000	-0.142499
2.180000	-0.152507
2.200000	-0.162335
2.220000	-0.171983
2.240000	-0.181446
2.260000	-0.190724
2.280000	-0.199814
2.300000	-0.208714
2.320000	-0.217422
2.340000	-0.225937
2.360000	-0.234257
2.380000	-0.242380
2.400000	-0.250305
2.420000	-0.258030
2.440000	-0.265555
2.460000	-0.272878
2.480000	-0.279997
2.500000	-0.286913
2.520000	-0.293624
2.540000	-0.300129
2.560000	-0.306428
2.580000	-0.312521
2.600000	-0.318406
2.620000	-0.324083
2.640000	-0.329552
2.660000	-0.334813
2.680000	-0.339866
2.700000	-0.344710
2.720000	-0.349346
2.740000	-0.353774
2.760000	-0.357995
2.780000	-0.362007
2.800000	-0.365813
2.820000	-0.369413
2.840000	-0.372806
2.860000	-0.375994
2.880000	-0.378978
2.900000	-0.381758
2.920000	-0.384336
2.940000	-0.386712
2.960000	-0.388888
2.980000	-0.390864
3.000000	-0.392642
3.020000	-0.394224
3.040000	-0.395610
3.060000	-0.396802
3.080000	-0.397802
3.100000	-0.398612
3.120000	-0.399232
3.140000	-0.399665
3.160000	-0.399913
3.180000	-0.399977
3.200000	-0.399860
3.220000	-0.399563
3.240000	-0.399089
3.260000	-0.398439
3.280000	-0.397616
3.300000	-0.396623
3.320000	-0.395460
3.340000	-0.394132
3.360000	-0.392640
3.380000	-0.390986
3.400000	-0.389174
3.420000	-0.387205
3.440000	-0.385082
3.460000	-0.382809
3.480000	-0.380387
3.500000	-0.377819
3.520000	-0.375109
3.540000	-0.372259
3.560000	-0.369271
3.580000	-0.366149
3.600000	-0.362896
3.620000	-0.359514
3.640000	-0.356007
3.660000	-0.352378
3.680000	-0.348628
3.700000	-0.344763
3.720000	-0.340784
3.740000	-0.336695
3.760000	-0.332499
3.780000	-0.328199
3.800000	-0.323799
3.820000	-0.319300
3.840000	-0.314708
3.860000	-0.310024
3.880000	-0.305252
3.900000	-0.300395
3.920000	-0.295457
3.940000	-0.290441
3.960000	-0.285349
3.980000	-0.280186
4.000000	-0.274954
4.020000	-0.269657
4.040000	-0.264298
4.060000	-0.258880
4.080000	-0.253407
4.100000	-0.247881
4.120000	-0.242307
4.140000	-0.236686
4.160000	-0.231023
4.180000	-0.225321
4.200000	-0.219582
4.220000	-0.213811
4.240000	-0.208009
4.260000	-0.202181
4.280000	-0.196330
4.300000	-0.190458
4.320000	-0.184568
4.340000	-0.178665
4.360000	-0.172750
4.380000	-0.166827
4.400000	-0.160899
4.420000	-0.154969
4.440000	-0.149040
4.460000	-0.143114
4.480000	-0.137195
4.500000	-0.131286
4.520000	-0.125389
4.540000	-0.119507
4.560000	-0.113643
4.580000	-0.107800
4.600000	-0.101980
4.620000	-0.096186
4.640000	-0.090421
4.660000	-0.084688
4.680000	-0.078988
4.700000	-0.073324
4.720000	-0.067700
4.740000	-0.062116
4.760000	-0.056577
4.780000	-0.051083
4.800000	-0.045638
4.820000	-0.040243
4.840000	-0.034901
4.860000	-0.029615
4.880000	-0.024385
4.900000	-0.019215
4.920000	-0.014105
4.940000	-0.009060
4.960000	-0.004079
4.980000	0.000835
5.000000	0.005679
5.020000	0.010453
5.040000	0.015154
5.060000	0.019782
5.080000	0.024333
5.100000	0.028807
5.120000	0.033202
5.140000	0.037517
5.160000	0.041749
5.180000	0.045899
5.200000	0.049964
5.220000	0.053943
5.240000	0.057835
5.260000	0.061638
5.280000	0.065353
5.300000	0.068977
5.320000	0.072509
5.340000	0.075949
5.360000	0.079295
5.380000	0.082548
5.400000	0.085705
5.420000	0.088767
5.440000	0.091732
5.460000	0.094600
5.480000	0.097371
5.500000	0.100043
5.520000	0.102617
5.540000	0.105091
5.560000	0.107466
5.580000	0.109742
5.600000	0.111917
5.620000	0.113992
5.640000	0.115966
5.660000	0.117840
5.680000	0.119613
5.700000	0.121286
5.720000	0.122858
5.740000	0.124329
5.760000	0.125700
5.780000	0.126971
5.800000	0.128142
5.820000	0.129213
5.840000	0.130185
5.860000	0.131057
5.880000	0.131831
5.900000	0.132507
5.920000	0.133086
5.940000	0.133567
5.960000	0.133951
5.980000	0.134240
6.000000	0.134434
6.020000	0.134533
6.040000	0.134539
6.060000	0.134452
6.080000	0.134273
6.100000	0.134003
6.120000	0.133642
6.140000	0.133193
6.160000	0.132655
6.180000	0.132030
6.200000	0.131319
6.220000	0.130523
6.240000	0.129644
6.260000	0.128681
6.280000	0.127638
6.300000	0.126514
6.320000	0.125311
6.340000	0.124031
6.360000	0.122675
6.380000	0.121243
6.400000	0.119739
6.420000	0.118162
6.440000	0.116515
6.460000	0.114799
6.480000	0.113015
6.500000	0.111165
6.520000	0.109250
6.540000	0.107273
6.560000	0.105235
6.580000	0.103136
6.600000	0.100980
6.620000	0.098767
6.640000	0.096499
6.660000	0.094179
6.680000	0.091807
6.700000	0.089385
6.720000	0.086916
6.740000	0.084400
6.760000	0.081840
6.780000	0.079237
6.800000	0.076594
6.820000	0.073911
6.840000	0.071191
6.860000	0.068436
6.880000	0.065647
6.900000	0.062827
6.920000	0.059976
6.940000	0.057097
6.960000	0.054192
6.980000	0.051263
7.000000	0.048310
7.020000	0.045337
7.040000	0.042345
7.060000	0.039336
7.080000	0.036312
7.100000	0.033274
7.120000	0.030225
7.140000	0.027166
7.160000	0.024099
7.180000	0.021025
7.200000	0.017948
7.220000	0.014868
7.240000	0.011787
7.260000	0.008707
7.280000	0.005630
7.300000	0.002558
7.320000	-0.000508
7.340000	-0.003566
7.360000	-0.006614
7.380000	-0.009650
7.400000	-0.012674
7.420000	-0.015682
7.440000	-0.018674
7.460000	-0.021647
7.480000	-0.024601
7.500000	-0.027533
7.520000	-0.030442
7.540000	-0.033326
7.560000	-0.036184
7.580000	-0.039015
7.600000	-0.041816
7.620000	-0.044586
7.640000	-0.047324
7.660000	-0.050028
7.680000	-0.052697
7.700000	-0.055329
7.720000	-0.057923
7.740000	-0.060478
7.760000	-0.062993
7.780000	-0.065465
7.800000	-0.067894
7.820000	-0.070279
7.840000	-0.072618
7.860000	-0.074910
7.880000	-0.077154
7.900000	-0.079348
7.920000	-0.081492
7.940000	-0.083585
7.960000	-0.085625
7.980000	-0.087612
8.000000	-0.089544
8.020000	-0.091421
8.040000	-0.093241
8.060000	-0.095004
8.080000	-0.096709
8.100000	-0.098355
8.120000	-0.099941
8.140000	-0.101466
8.160000	-0.102930
8.180000	-0.104332
8.200000	-0.105671
8.220000	-0.106946
8.240000	-0.108158
8.260000	-0.109305
8.280000	-0.110387
8.300000	-0.111403
8.320000	-0.112353
8.340000	-0.113237
8.360000	-0.114053
8.380000	-0.114802
8.400000	-0.115484
8.420000	-0.116097
8.440000	-0.116642
8.460000	-0.117119
8.480000	-0.117526
8.500000	-0.117865
8.520000	-0.118135
8.540000	-0.118336
8.560000	-0.118467
8.580000	-0.118529
8.600000	-0.118522
8.620000	-0.118446
8.640000	-0.118300
8.660000	-0.118085
8.680000	-0.117801
8.700000	-0.117449
8.720000	-0.117027
8.740000	-0.116537
8.760000	-0.115979
8.780000	-0.115354
8.800000	-0.114660
8.820000	-0.113899
8.840000	-0.113072
8.860000	-0.112178
8.880000	-0.111218
8.900000	-0.110192
8.920000	-0.109101
8.940000	-0.107946
8.960000	-0.106727
8.980000	-0.105445
9.000000	-0.104099
9.020000	-0.102692
9.040000	-0.101223
9.060000	-0.099693
9.080000	-0.098104
9.100000	-0.096455
9.120000	-0.094747
9.140000	-0.092982
9.160000	-0.091160
9.180000	-0.089282
9.200000	-0.087348
9.220000	-0.085361
9.240000	-0.083320
9.260000	-0.081227
9.280000	-0.079082
9.300000	-0.076887
9.320000	-0.074642
9.340000	-0.072350
9.360000	-0.070009
9.380000	-0.067623
9.400000	-0.065191
9.420000	-0.062715
9.440000	-0.060197
9.460000	-0.057636
9.480000	-0.055035
9.500000	-0.052395
9.520000	-0.049716
9.540000	-0.047000
9.560000	-0.044249
9.580000	-0.041462
9.600000	-0.038643
9.620000	-0.035791
9.640000	-0.032909
9.660000	-0.029997
9.680000	-0.027057
9.700000	-0.024091
9.720000	-0.021098
9.740000	-0.018082
9.760000	-0.015043
9.780000	-0.011982
9.800000	-0.008901
9.820000	-0.005801
9.840000	-0.002684
9.860000	0.000449
9.880000	0.003597
9.900000	0.006757
9.920000	0.009930
9.940000	0.013113
9.960000	0.016305
9.980000	0.019505
10.000000	0.022711
10.020000	0.025922
10.040000	0.029136
10.060000	0.032353
10.080000	0.035569
10.100000	0.038785
10.120000	0.041999
10.140000	0.045209
10.160000	0.048414
10.180000	0.051613
10.200000	0.054803
10.220000	0.057985
10.240000	0.061156
10.260000	0.064314
10.280000	0.067460
10.300000	0.070591
10.320000	0.073705
10.340000	0.076803
10.360000	0.079881
10.380000	0.082939
10.400000	0.085976
10.420000	0.088990
10.440000	0.091980
10.460000	0.094945
10.480000	0.097883
10.500000	0.100793
10.520000	0.103674
10.540000	0.106524
10.560000	0.109343
10.580000	0.112129
10.600000	0.114881
10.620000	0.117597
10.640000	0.120278
10.660000	0.122920
10.680000	0.125524
10.700000	0.128088
10.720000	0.130611
10.740000	0.133092
10.760000	0.135529
10.780000	0.137923
10.800000	0.140271
10.820000	0.142573
10.840000	0.144828
10.860000	0.147034
10.880000	0.149192
10.900000	0.151299
10.920000	0.153355
10.940000	0.155359
10.960000	0.157310
10.980000	0.159208
11.000000	0.161051
11.020000	0.162839
11.040000	0.164571
11.060000	0.166246
11.080000	0.167863
11.100000	0.169422
11.120000	0.170921
11.140000	0.172362
11.160000	0.173741
11.180000	0.175060
11.200000	0.176317
11.220000	0.177512
11.240000	0.178645
11.260000	0.179714
11.280000	0.180719
11.300000	0.181660
11.320000	0.182537
11.340000	0.183348
11.360000	0.184094
11.380000	0.184774
11.400000	0.185388
11.420000	0.185935
11.440000	0.186416
11.460000	0.186829
11.480000	0.187175
11.500000	0.187454
11.520000	0.187664
11.540000	0.187807
11.560000	0.187882
11.580000	0.187889
11.600000	0.187827
11.620000	0.187697
11.640000	0.187499
11.660000	0.187232
11.680000	0.186897
11.700000	0.186493
11.720000	0.186022
11.740000	0.185482
11.760000	0.184874
11.780000	0.184199
11.800000	0.183455
11.820000	0.182644
11.840000	0.181766
11.860000	0.180821
11.880000	0.179809
11.900000	0.178731
11.920000	0.177586
11.940000	0.176376
11.960000	0.175100
11.980000	0.173760
12.000000	0.172354
12.020000	0.170885
12.040000	0.169352
12.060000	0.167755
12.080000	0.166096
12.100000	0.164375
12.120000	0.162592
12.140000	0.160748
12.160000	0.158844
12.180000	0.156880
12.200000	0.154857
12.220000	0.152775
12.240000	0.150636
12.260000	0.148440
12.280000	0.146187
12.300000	0.143879
12.320000	0.141516
12.340000	0.139099
12.360000	0.136629
12.380000	0.134106
12.400000	0.131532
12.420000	0.128907
12.440000	0.126233
12.460000	0.123510
12.480000	0.120739
12.500000	0.117921
12.520000	0.115056
12.540000	0.112147
12.560000	0.109194
12.580000	0.106198
12.600000	0.103160
12.620000	0.100080
12.640000	0.096961
12.660000	0.093803
12.680000	0.090607
12.700000	0.087374
12.720000	0.084106
12.740000	0.080803
12.760000	0.077467
12.780000	0.074098
12.800000	0.070699
12.820000	0.067269
12.840000	0.063811
12.860000	0.060325
12.880000	0.056812
12.900000	0.053274
12.920000	0.049713
12.940000	0.046128
12.960000	0.042522
12.980000	0.038896
13.000000	0.035250
13.020000	0.031587
13.040000	0.027906
13.060000	0.024211
13.080000	0.020501
13.100000	0.016778
13.120000	0.013044
13.140000	0.009299
13.160000	0.005546
13.180000	0.001784
13.200000	-0.001984
13.220000	-0.005758
13.240000	-0.009535
13.260000	-0.013315
13.280000	-0.017097
13.300000	-0.020879
13.320000	-0.024659
13.340000	-0.028438
13.360000	-0.032212
13.380000	-0.035982
13.400000	-0.039746
13.420000	-0.043502
13.440000	-0.047249
13.460000	-0.050987
13.480000	-0.054713
13.500000	-0.058427
13.520000	-0.062127
13.540000	-0.065812
13.560000	-0.069480
13.580000	-0.073132
13.600000	-0.076764
13.620000	-0.080377
13.640000	-0.083969
13.660000	-0.087538
13.680000	-0.091084
13.700000	-0.094606
13.720000	-0.098101
13.740000	-0.101570
13.760000	-0.105010
13.780000	-0.108421
13.800000	-0.111802
13.820000	-0.115151
13.840000	-0.118467
13.860000	-0.121750
13.880000	-0.124998
13.900000	-0.128209
13.920000	-0.131384
13.940000	-0.134521
13.960000	-0.137619
13.980000	-0.140677
14.000000	-0.143693
14.020000	-0.146667
14.040000	-0.149599
14.060000	-0.152486
14.080000	-0.155328
14.100000	-0.158125
14.120000	-0.160874
14.140000	-0.163576
14.160000	-0.166229
14.180000	-0.168833
14.200000	-0.171386
14.220000	-0.173888
14.240000	-0.176338
14.260000	-0.178735
14.280000	-0.181079
14.300000	-0.183368
14.320000	-0.185602
14.340000	-0.187780
14.360000	-0.189902
14.380000	-0.191967
14.400000	-0.193973
14.420000	-0.195921
14.440000	-0.197810
14.460000	-0.199639
14.480000	-0.201408
14.500000	-0.203116
14.520000	-0.204762
14.540000	-0.206346
14.560000	-0.207868
14.580000	-0.209327
14.600000	-0.210722
14.620000	-0.212053
14.640000	-0.213320
14.660000	-0.214522
14.680000	-0.215659
14.700000	-0.216730
14.720000	-0.217736
14.740000	-0.218675
14.760000	-0.219548
14.780000	-0.220354
14.800000	-0.221093
14.820000	-0.221765
14.840000	-0.222370
14.860000	-0.222906
14.880000	-0.223375
14.900000	-0.223776
14.920000	-0.224109
14.940000	-0.224374
14.960000	-0.224570
14.980000	-0.224698
15.000000	-0.224758
15.020000	-0.224749
15.040000	-0.224672
15.060000	-0.224527
15.080000	-0.224313
15.100000	-0.224032
15.120000	-0.223682
15.140000	-0.223264
15.160000	-0.222778
15.180000	-0.222225
15.200000	-0.221604
15.220000	-0.220915
15.240000	-0.220160
15.260000	-0.219337
15.280000	-0.218449
15.300000	-0.217493
15.320000	-0.216472
15.340000	-0.215385
15.360000	-0.214233
15.380000	-0.213016
15.400000	-0.211734
15.420000	-0.210388
15.440000	-0.208978
15.460000	-0.207505
15.480000	-0.205970
15.500000	-0.204372
15.520000	-0.202712
15.540000	-0.200990
15.560000	-0.199208
15.580000	-0.197366
15.600000	-0.195464
15.620000	-0.193503
15.640000	-0.191483
15.660000	-0.189406
15.680000	-0.187272
15.700000	-0.185081
15.720000	-0.182834
15.740000	-0.180532
15.760000	-0.178176
15.780000	-0.175766
15.800000	-0.173304
15.820000	-0.170789
15.840000	-0.168222
15.860000	-0.165606
15.880000	-0.162939
15.900000	-0.160223
15.920000	-0.157460
15.940000	-0.154649
15.960000	-0.151792
15.980000	-0.148889
16.000000	-0.145942
16.020000	-0.142950
16.040000	-0.139917
16.060000	-0.136841
16.080000	-0.133724
16.100000	-0.130568
16.120000	-0.127372
16.140000	-0.124138
16.160000	-0.120868
16.180000	-0.117561
16.200000	-0.114219
16.220000	-0.110843
16.240000	-0.107434
16.260000	-0.103994
16.280000	-0.100522
16.300000	-0.097020
16.320000	-0.093490
16.340000	-0.089932
16.360000	-0.086347
16.380000	-0.082737
16.400000	-0.079102
16.420000	-0.075444
16.440000	-0.071763
16.460000	-0.068061
16.480000	-0.064339
16.500000	-0.060599
16.520000	-0.056840
16.540000	-0.053064
16.560000	-0.049273
16.580000	-0.045468
16.600000	-0.041649
16.620000	-0.037818
16.640000	-0.033976
16.660000	-0.030124
16.680000	-0.026263
16.700000	-0.022395
16.720000	-0.018520
16.740000	-0.014640
16.760000	-0.010755
16.780000	-0.006868
16.800000	-0.002979
16.820000	0.000911
16.840000	0.004801
16.860000	0.008689
16.880000	0.012574
16.900000	0.016456
16.920000	0.020332
16.940000	0.024203
16.960000	0.028066
16.980000	0.031921
17.000000	0.035766
17.020000	0.039601
17.040000	0.043424
17.060000	0.047234
17.080000	0.051030
17.100000	0.054811
17.120000	0.058576
17.140000	0.062324
17.160000	0.066053
17.180000	0.069763
17.200000	0.073453
17.220000	0.077121
17.240000	0.080766
17.260000	0.084388
17.280000	0.087985
17.300000	0.091556
17.320000	0.095101
17.340000	0.098618
17.360000	0.102106
17.380000	0.105564
17.400000	0.108992
17.420000	0.112388
17.440000	0.115751
17.460000	0.119081
17.480000	0.122376
17.500000	0.125636
17.520000	0.128859
17.540000	0.132045
17.560000	0.135192
17.580000	0.138301
17.600000	0.141370
17.620000	0.144397
17.640000	0.147383
17.660000	0.150327
17.680000	0.153227
17.700000	0.156083
17.720000	0.158894
17.740000	0.161660
17.760000	0.164379
17.780000	0.167050
17.800000	0.169674
17.820000	0.172249
17.840000	0.174775
17.860000	0.177251
17.880000	0.179675
17.900000	0.182049
17.920000	0.184370
17.940000	0.186639
17.960000	0.188854
17.980000	0.191016
18.000000	0.193123
18.020000	0.195175
18.040000	0.197171
18.060000	0.199112
18.080000	0.200995
18.100000	0.202822
18.120000	0.204591
18.140000	0.206302
18.160000	0.207954
18.180000	0.209547
18.200000	0.211081
18.220000	0.212556
18.240000	0.213970
18.260000	0.215323
18.280000	0.216616
18.300000	0.217848
18.320000	0.219018
18.340000	0.220127
18.360000	0.221173
18.380000	0.222157
18.400000	0.223079
18.420000	0.223938
18.440000	0.224734
18.460000	0.225467
18.480000	0.226137
18.500000	0.226744
18.520000	0.227287
18.540000	0.227766
18.560000	0.228182
18.580000	0.228533
18.600000	0.228821
18.620000	0.229045
18.640000	0.229206
18.660000	0.229302
18.680000	0.229335
18.700000	0.229303
18.720000	0.229208
18.740000	0.229050
18.760000	0.228827
18.780000	0.228542
18.800000	0.228192
18.820000	0.227780
18.840000	0.227305
18.860000	0.226767
18.880000	0.226166
18.900000	0.225502
18.920000	0.224777
18.940000	0.223989
18.960000	0.223140
18.980000	0.222230
19.000000	0.221258
19.020000	0.220225
19.040000	0.219132
19.060000	0.217979
19.080000	0.216767
19.100000	0.215494
19.120000	0.214163
19.140000	0.212774
19.160000	0.211326
19.180000	0.209821
19.200000	0.208258
19.220000	0.206639
19.240000	0.204963
19.260000	0.203232
19.280000	0.201446
19.300000	0.199605
19.320000	0.197710
19.340000	0.195761
19.360000	0.193760
19.380000	0.191706
19.400000	0.189600
19.420000	0.187443
19.440000	0.185236
19.460000	0.182979
19.480000	0.180673
19.500000	0.178318
19.520000	0.175916
19.540000	0.173466
19.560000	0.170970
19.580000	0.168428
19.600000	0.165842
19.620000	0.163211
19.640000	0.160537
19.660000	0.157820
19.680000	0.155062
19.700000	0.152262
19.720000	0.149422
19.740000	0.146543
19.760000	0.143624
19.780000	0.140669
19.800000	0.137676
19.820000	0.134647
19.840000	0.131583
19.860000	0.128484
19.880000	0.125352
19.900000	0.122188
19.920000	0.118991
19.940000	0.115764
19.960000	0.112507
19.980000	0.109221
20.000000	0.105907
20.020000	0.102565
20.040000	0.099198
20.060000	0.095805
20.080000	0.092388
20.100000	0.088947
20.120000	0.085484
20.140000	0.082000
20.160000	0.078495
20.180000	0.074971
20.200000	0.071428
20.220000	0.067867
20.240000	0.064290
20.260000	0.060697
20.280000	0.057090
20.300000	0.053469
20.320000	0.049836
20.340000	0.046191
20.360000	0.042535
20.380000	0.038870
20.400000	0.035196
20.420000	0.031514
20.440000	0.027826
20.460000	0.024133
20.480000	0.020434
20.500000	0.016732
20.520000	0.013028
20.540000	0.009322
20.560000	0.005615
20.580000	0.001909
20.600000	-0.001796
20.620000	-0.005498
20.640000	-0.009197
20.660000	-0.012892
20.680000	-0.016581
20.700000	-0.020263
20.720000	-0.023939
20.740000	-0.027605
20.760000	-0.031263
20.780000	-0.034910
20.800000	-0.038546
20.820000	-0.042169
20.840000	-0.045780
20.860000	-0.049376
20.880000	-0.052957
20.900000	-0.056521
20.920000	-0.060069
20.940000	-0.063599
20.960000	-0.067109
20.980000	-0.070600
21.000000	-0.074070
21.020000	-0.077519
21.040000	-0.080944
21.060000	-0.084346
21.080000	-0.087724
21.100000	-0.091077
21.120000	-0.094403
21.140000	-0.097702
21.160000	-0.100973
21.180000	-0.104216
21.200000	-0.107429
21.220000	-0.110611
21.240000	-0.113763
21.260000	-0.116882
21.280000	-0.119968
21.300000	-0.123021
21.320000	-0.126039
21.340000	-0.129021
21.360000	-0.131968
21.380000	-0.134878
21.400000	-0.137751
21.420000	-0.140585
21.440000	-0.143380
21.460000	-0.146135
21.480000	-0.148850
21.500000	-0.151524
21.520000	-0.154156
21.540000	-0.156746
21.560000	-0.159292
21.580000	-0.161795
21.600000	-0.164254
21.620000	-0.166667
21.640000	-0.169035
21.660000	-0.171356
21.680000	-0.173631
21.700000	-0.175858
21.720000	-0.178038
21.740000	-0.180169
21.760000	-0.182251
21.780000	-0.184284
21.800000	-0.186266
21.820000	-0.188198
21.840000	-0.190079
21.860000	-0.191909
21.880000	-0.193687
21.900000	-0.195413
21.920000	-0.197085
21.940000	-0.198705
21.960000	-0.200271
21.980000	-0.201784
22.000000	-0.203242
22.020000	-0.204646
22.040000	-0.205994
22.060000	-0.207288
22.080000	-0.208526
22.100000	-0.209708
22.120000	-0.210834
22.140000	-0.211904
22.160000	-0.212917
22.180000	-0.213873
22.200000	-0.214773
22.220000	-0.215615
22.240000	-0.216400
22.260000	-0.217127
22.280000	-0.217797
22.300000	-0.218409
22.320000	-0.218963
22.340000	-0.219458
22.360000	-0.219896
22.380000	-0.220276
22.400000	-0.220597
22.420000	-0.220860
22.440000	-0.221065
22.460000	-0.221211
22.480000	-0.221299
22.500000	-0.221329
22.520000	-0.221301
22.540000	-0.221214
22.560000	-0.221069
22.580000	-0.220866
22.600000	-0.220605
22.620000	-0.220286
22.640000	-0.219910
22.660000	-0.219476
22.680000	-0.218984
22.700000	-0.218436
22.720000	-0.217830
22.740000	-0.217167
22.760000	-0.216448
22.780000	-0.215672
22.800000	-0.214840
22.820000	-0.213952
22.840000	-0.213008
22.860000	-0.212009
22.880000	-0.210955
22.900000	-0.209846
22.920000	-0.208683
22.940000	-0.207466
22.960000	-0.206195
22.980000	-0.204870
23.000000	-0.203493
23.020000	-0.202063
23.040000	-0.200581
23.060000	-0.199047
23.080000	-0.197462
23.100000	-0.195826
23.120000	-0.194139
23.140000	-0.192403
23.160000	-0.190617
23.180000	-0.188782
23.200000	-0.186899
23.220000	-0.184968
23.240000	-0.182990
23.260000	-0.180965
23.280000	-0.178893
23.300000	-0.176776
23.320000	-0.174614
23.340000	-0.172408
23.360000	-0.170157
23.380000	-0.167863
23.400000	-0.165527
23.420000	-0.163148
23.440000	-0.160728
23.460000	-0.158268
23.480000	-0.155767
23.500000	-0.153227
23.520000	-0.150648
23.540000	-0.148032
23.560000	-0.145378
23.580000	-0.142687
23.600000	-0.139961
23.620000	-0.137200
23.640000	-0.134404
23.660000	-0.131574
23.680000	-0.128712
23.700000	-0.125818
23.720000	-0.122892
23.740000	-0.119936
23.760000	-0.116950
23.780000	-0.113935
23.800000	-0.110891
23.820000	-0.107821
23.840000	-0.104724
23.860000	-0.101601
23.880000	-0.098453
23.900000	-0.095281
23.920000	-0.092086
23.940000	-0.088869
23.960000	-0.085630
23.980000	-0.082370
24.000000	-0.079091
24.020000	-0.075792
24.040000	-0.072475
24.060000	-0.069141
24.080000	-0.065791
24.100000	-0.062425
24.120000	-0.059045
24.140000	-0.055651
24.160000	-0.052244
24.180000	-0.048825
24.200000	-0.045395
24.220000	-0.041955
24.240000	-0.038505
24.260000	-0.035048
24.280000	-0.031582
24.300000	-0.028110
24.320000	-0.024633
24.340000	-0.021150
24.360000	-0.017664
24.380000	-0.014175
24.400000	-0.010683
24.420000	-0.007191
24.440000	-0.003698
24.460000	-0.000206
24.480000	0.003285
24.500000	0.006773
24.520000	0.010258
24.540000	0.013739
24.560000	0.017215
24.580000	0.020685
24.600000	0.024147
24.620000	0.027603
24.640000	0.031049
24.660000	0.034486
24.680000	0.037912
24.700000	0.041327
24.720000	0.044730
24.740000	0.048120
24.760000	0.051496
24.780000	0.054858
24.800000	0.058203
24.820000	0.061533
24.840000	0.064844
24.860000	0.068138
24.880000	0.071413
24.900000	0.074668
24.920000	0.077902
24.940000	0.081115
24.960000	0.084306
24.980000	0.087473
25.000000	0.090617
25.020000	0.093736
25.040000	0.096829
25.060000	0.099896
25.080000	0.102936
25.100000	0.105949
25.120000	0.108933
25.140000	0.111887
25.160000	0.114812
25.180000	0.117705
25.200000	0.120568
25.220000	0.123398
25.240000	0.126195
25.260000	0.128958
25.280000	0.131687
25.300000	0.134382
25.320000	0.137040
25.340000	0.139662
25.360000	0.142247
25.380000	0.144795
25.400000	0.147304
25.420000	0.149775
25.440000	0.152206
25.460000	0.154596
25.480000	0.156946
25.500000	0.159255
25.520000	0.161522
25.540000	0.163747
25.560000	0.165929
25.580000	0.168067
25.600000	0.170161
25.620000	0.172210
25.640000	0.174215
25.660000	0.176174
25.680000	0.178087
25.700000	0.179953
25.720000	0.181773
25.740000	0.183545
25.760000	0.185270
25.780000	0.186946
25.800000	0.188574
25.820000	0.190152
25.840000	0.191681
25.860000	0.193161
25.880000	0.194590
25.900000	0.195969
25.920000	0.197297
25.940000	0.198574
25.960000	0.199799
25.980000	0.200973
26.000000	0.202095
26.020000	0.203164
26.040000	0.204182
26.060000	0.205146
26.080000	0.206057
26.100000	0.206916
26.120000	0.207720
26.140000	0.208472
26.160000	0.209169
26.180000	0.209813
26.200000	0.210403
26.220000	0.210939
26.240000	0.211420
26.260000	0.211847
26.280000	0.212220
26.300000	0.212538
26.320000	0.212801
26.340000	0.213010
26.360000	0.213165
26.380000	0.213264
26.400000	0.213309
26.420000	0.213300
26.440000	0.213236
26.460000	0.213117
26.480000	0.212943
26.500000	0.212716
26.520000	0.212433
26.540000	0.212097
26.560000	0.211706
26.580000	0.211261
26.600000	0.210763
26.620000	0.210210
26.640000	0.209604
26.660000	0.208945
26.680000	0.208232
26.700000	0.207466
26.720000	0.206648
26.740000	0.205776
26.760000	0.204853
26.780000	0.203877
26.800000	0.202850
26.820000	0.201770
26.840000	0.200640
26.860000	0.199459
26.880000	0.198227
26.900000	0.196944
26.920000	0.195612
26.940000	0.194230
26.960000	0.192799
26.980000	0.191319
27.000000	0.189791
27.020000	0.188215
27.040000	0.186590
27.060000	0.184919
27.080000	0.183201
27.100000	0.181437
27.120000	0.179626
27.140000	0.177771
27.160000	0.175870
27.180000	0.173925
27.200000	0.171937
27.220000	0.169905
27.240000	0.167830
27.260000	0.165713
27.280000	0.163554
27.300000	0.161354
27.320000	0.159113
27.340000	0.156832
27.360000	0.154512
27.380000	0.152153
27.400000	0.149756
27.420000	0.147321
27.440000	0.144850
27.460000	0.142342
27.480000	0.139798
27.500000	0.137219
27.520000	0.134606
27.540000	0.131960
27.560000	0.129280
27.580000	0.126568
27.600000	0.123825
27.620000	0.121050
27.640000	0.118246
27.660000	0.115412
27.680000	0.112549
27.700000	0.109658
27.720000	0.106740
27.740000	0.103796
27.760000	0.100826
27.780000	0.097831
27.800000	0.094811
27.820000	0.091769
27.840000	0.088703
27.860000	0.085616
27.880000	0.082507
27.900000	0.079379
27.920000	0.076231
27.940000	0.073064
27.960000	0.069879
27.980000	0.066677
28.000000	0.063459
28.020000	0.060226
28.040000	0.056978
28.060000	0.053716
28.080000	0.050441
28.100000	0.047154
28.120000	0.043856
28.140000	0.040548
28.160000	0.037230
28.180000	0.033903
28.200000	0.030568
28.220000	0.027226
28.240000	0.023878
28.260000	0.020525
28.280000	0.017167
28.300000	0.013806
28.320000	0.010442
28.340000	0.007076
28.360000	0.003709
28.380000	0.000341
28.400000	-0.003026
28.420000	-0.006391
28.440000	-0.009754
28.460000	-0.013113
28.480000	-0.016469
28.500000	-0.019820
28.520000	-0.023165
28.540000	-0.026503
28.560000	-0.029834
28.580000	-0.033157
28.600000	-0.036471
28.620000	-0.039774
28.640000	-0.043067
28.660000	-0.046348
28.680000	-0.049617
28.700000	-0.052872
28.720000	-0.056114
28.740000	-0.059340
28.760000	-0.062551
28.780000	-0.065745
28.800000	-0.068922
28.820000	-0.072080
28.840000	-0.075220
28.860000	-0.078340
28.880000	-0.081439
28.900000	-0.084517
28.920000	-0.087573
28.940000	-0.090606
28.960000	-0.093615
28.980000	-0.096600
29.000000	-0.099560
29.020000	-0.102494
29.040000	-0.105401
29.060000	-0.108281
29.080000	-0.111133
29.100000	-0.113957
29.120000	-0.116750
29.140000	-0.119514
29.160000	-0.122246
29.180000	-0.124947
29.200000	-0.127615
29.220000	-0.130251
29.240000	-0.132853
29.260000	-0.135421
29.280000	-0.137954
29.300000	-0.140451
29.320000	-0.142912
29.340000	-0.145337
29.360000	-0.147724
29.380000	-0.150073
29.400000	-0.152383
29.420000	-0.154655
29.440000	-0.156886
29.460000	-0.159077
29.480000	-0.161228
29.500000	-0.163337
29.520000	-0.165404
29.540000	-0.167429
29.560000	-0.169411
29.580000	-0.171349
29.600000	-0.173244
29.620000	-0.175094
29.640000	-0.176899
29.660000	-0.178659
29.680000	-0.180373
29.700000	-0.182041
29.720000	-0.183663
29.740000	-0.185237
29.760000	-0.186765
29.780000	-0.188244
29.800000	-0.189675
29.820000	-0.191058
29.840000	-0.192392
29.860000	-0.193677
29.880000	-0.194913
29.900000	-0.196098
29.920000	-0.197234
29.940000	-0.198319
29.960000	-0.199354
29.980000	-0.200338
30.000000	-0.201270
30.020000	-0.202152
30.040000	-0.202982
30.060000	-0.203760
30.080000	-0.204486
30.100000	-0.205160
30.120000	-0.205781
30.140000	-0.206351
30.160000	-0.206867
30.180000	-0.207331
30.200000	-0.207743
30.220000	-0.208101
30.240000	-0.208406
30.260000	-0.208658
30.280000	-0.208857
30.300000	-0.209003
30.320000	-0.209096
30.340000	-0.209136
30.360000	-0.209122
30.380000	-0.209055
30.400000	-0.208935
30.420000	-0.208762
30.440000	-0.208536
30.460000	-0.208256
30.480000	-0.207924
30.500000	-0.207539
30.520000	-0.207101
30.540000	-0.206611
30.560000	-0.206068
30.580000	-0.205472
30.600000	-0.204825
30.620000	-0.204125
30.640000	-0.203373
30.660000	-0.202570
30.680000	-0.201716
30.700000	-0.200810
30.720000	-0.199853
30.740000	-0.198846
30.760000	-0.197787
30.780000	-0.196679
30.800000	-0.195521
30.820000	-0.194313
30.840000	-0.193056
30.860000	-0.191750
30.880000	-0.190395
30.900000	-0.188992
30.920000	-0.187541
30.940000	-0.186043
30.960000	-0.184497
30.980000	-0.182904
31.000000	-0.181265
31.020000	-0.179581
31.040000	-0.177850
31.060000	-0.176075
31.080000	-0.174254
31.100000	-0.172390
31.120000	-0.170482
31.140000	-0.168531
31.160000	-0.166537
31.180000	-0.164501
31.200000	-0.162423
31.220000	-0.160304
31.240000	-0.158145
31.260000	-0.155945
31.280000	-0.153706
31.300000	-0.151428
31.320000	-0.149112
31.340000	-0.146758
31.360000	-0.144367
31.380000	-0.141939
31.400000	-0.139475
31.420000	-0.136976
31.440000	-0.134443
31.460000	-0.131875
31.480000	-0.129274
31.500000	-0.126640
31.520000	-0.123975
31.540000	-0.121278
31.560000	-0.118550
31.580000	-0.115793
31.600000	-0.113006
31.620000	-0.110190
31.640000	-0.107347
31.660000	-0.104477
31.680000	-0.101580
31.700000	-0.098658
31.720000	-0.095710
31.740000	-0.092739
31.760000	-0.089744
31.780000	-0.086727
31.800000	-0.083687
31.820000	-0.080627
31.840000	-0.077546
31.860000	-0.074446
31.880000	-0.071327
31.900000	-0.068190
31.920000	-0.065036
31.940000	-0.061866
31.960000	-0.058680
31.980000	-0.055479
32.000000	-0.052264
32.020000	-0.049037
32.040000	-0.045797
32.060000	-0.042545
32.080000	-0.039283
32.100000	-0.036011
32.120000	-0.032730
32.140000	-0.029441
32.160000	-0.026145
32.180000	-0.022842
32.200000	-0.019534
32.220000	-0.016221
32.240000	-0.012904
32.260000	-0.009583
32.280000	-0.006261
32.300000	-0.002937
32.320000	0.000387
32.340000	0.003712
32.360000	0.007035
32.380000	0.010356
32.400000	0.013674
32.420000	0.016989
32.440000	0.020299
32.460000	0.023604
32.480000	0.026902
32.500000	0.030194
32.520000	0.033478
32.540000	0.036753
32.560000	0.040019
32.580000	0.043274
32.600000	0.046518
32.620000	0.049750
32.640000	0.052969
32.660000	0.056175
32.680000	0.059366
32.700000	0.062542
32.720000	0.065702
32.740000	0.068845
32.760000	0.071970
32.780000	0.075077
32.800000	0.078165
32.820000	0.081233
32.840000	0.084280
32.860000	0.087305
32.880000	0.090308
32.900000	0.093287
32.920000	0.096243
32.940000	0.099175
32.960000	0.102081
32.980000	0.104961
33.000000	0.107814
33.020000	0.110639
33.040000	0.113436
33.060000	0.116204
33.080000	0.118943
33.100000	0.121651
33.120000	0.124328
33.140000	0.126973
33.160000	0.129586
33.180000	0.132166
33.200000	0.134712
33.220000	0.137224
33.240000	0.139700
33.260000	0.142141
33.280000	0.144546
33.300000	0.146914
33.320000	0.149244
33.340000	0.151536
33.360000	0.153790
33.380000	0.156004
33.400000	0.158179
33.420000	0.160313
33.440000	0.162406
33.460000	0.164458
33.480000	0.166468
33.500000	0.168436
33.520000	0.170360
33.540000	0.172241
33.560000	0.174078
33.580000	0.175871
33.600000	0.177619
33.620000	0.179322
33.640000	0.180979
33.660000	0.182589
33.680000	0.184153
33.700000	0.185671
33.720000	0.187141
33.740000	0.188563
33.760000	0.189937
33.780000	0.191263
33.800000	0.192540
33.820000	0.193768
33.840000	0.194946
33.860000	0.196075
33.880000	0.197154
33.900000	0.198182
33.920000	0.199160
33.940000	0.200088
33.960000	0.200964
33.980000	0.201789
34.000000	0.202562
34.020000	0.203284
34.040000	0.203955
34.060000	0.204573
34.080000	0.205139
34.100000	0.205653
34.120000	0.206114
34.140000	0.206523
34.160000	0.206879
34.180000	0.207182
34.200000	0.207433
34.220000	0.207631
34.240000	0.207776
34.260000	0.207868
34.280000	0.207906
34.300000	0.207892
34.320000	0.207825
34.340000	0.207705
34.360000	0.207532
34.380000	0.207306
34.400000	0.207028
34.420000	0.206696
34.440000	0.206312
34.460000	0.205875
34.480000	0.205386
34.500000	0.204845
34.520000	0.204251
34.540000	0.203605
34.560000	0.202907
34.580000	0.202158
34.600000	0.201357
34.620000	0.200505
34.640000	0.199601
34.660000	0.198647
34.680000	0.197642
34.700000	0.196587
34.720000	0.195481
34.740000	0.194326
34.760000	0.193121
34.780000	0.191867
34.800000	0.190564
34.820000	0.189213
34.840000	0.187813
34.860000	0.186365
34.880000	0.184870
34.900000	0.183328
34.920000	0.181739
34.940000	0.180103
34.960000	0.178422
34.980000	0.176695
35.000000	0.174923
35.020000	0.173107
35.040000	0.171246
35.060000	0.169342
35.080000	0.167395
35.100000	0.165405
35.120000	0.163372
35.140000	0.161298
35.160000	0.159183
35.180000	0.157028
35.200000	0.154832
35.220000	0.152597
35.240000	0.150323
35.260000	0.148010
35.280000	0.145660
35.300000	0.143273
35.320000	0.140849
35.340000	0.138389
35.360000	0.135894
35.380000	0.133364
35.400000	0.130800
35.420000	0.128203
35.440000	0.125573
35.460000	0.122911
35.480000	0.120218
35.500000	0.117494
35.520000	0.114740
35.540000	0.111957
35.560000	0.109145
35.580000	0.106305
35.600000	0.103438
35.620000	0.100545
35.640000	0.097626
35.660000	0.094683
35.680000	0.091715
35.700000	0.088723
35.720000	0.085709
35.740000	0.082673
35.760000	0.079616
35.780000	0.076539
35.800000	0.073442
35.820000	0.070327
35.840000	0.067193
35.860000	0.064042
35.880000	0.060875
35.900000	0.057693
35.920000	0.054495
35.940000	0.051284
35.960000	0.048060
35.980000	0.044823
36.000000	0.041575
36.020000	0.038316
36.040000	0.035047
36.060000	0.031770
36.080000	0.028484
36.100000	0.025191
36.120000	0.021892
36.140000	0.018587
36.160000	0.015277
36.180000	0.011963
36.200000	0.008646
36.220000	0.005327
36.240000	0.002007
36.260000	-0.001314
36.280000	-0.004635
36.300000	-0.007954
36.320000	-0.011272
36.340000	-0.014587
36.360000	-0.017898
36.380000	-0.021204
36.400000	-0.024505
36.420000	-0.027800
36.440000	-0.031088
36.460000	-0.034367
36.480000	-0.037639
36.500000	-0.040900
36.520000	-0.044151
36.540000	-0.047391
36.560000	-0.050619
36.580000	-0.053834
36.600000	-0.057035
36.620000	-0.060222
36.640000	-0.063393
36.660000	-0.066548
36.680000	-0.069687
36.700000	-0.072807
36.720000	-0.075909
36.740000	-0.078992
36.760000	-0.082054
36.780000	-0.085096
36.800000	-0.088116
36.820000	-0.091113
36.840000	-0.094087
36.860000	-0.097037
36.880000	-0.099963
36.900000	-0.102863
36.920000	-0.105737
36.940000	-0.108583
36.960000	-0.111402
36.980000	-0.114193
37.000000	-0.116955
37.020000	-0.119686
37.040000	-0.122387
37.060000	-0.125057
37.080000	-0.127695
37.100000	-0.130301
37.120000	-0.132873
37.140000	-0.135411
37.160000	-0.137915
37.180000	-0.140384
37.200000	-0.142817
37.220000	-0.145213
37.240000	-0.147572
37.260000	-0.149894
37.280000	-0.152177
37.300000	-0.154422
37.320000	-0.156627
37.340000	-0.158792
37.360000	-0.160916
37.380000	-0.163000
37.400000	-0.165042
37.420000	-0.167042
37.440000	-0.168999
37.460000	-0.170913
37.480000	-0.172783
37.500000	-0.174610
37.520000	-0.176391
37.540000	-0.178128
37.560000	-0.179819
37.580000	-0.181465
37.600000	-0.183063
37.620000	-0.184616
37.640000	-0.186121
37.660000	-0.187578
37.680000	-0.188988
37.700000	-0.190349
37.720000	-0.191662
37.740000	-0.192926
37.760000	-0.194141
37.780000	-0.195306
37.800000	-0.196421
37.820000	-0.197486
37.840000	-0.198500
37.860000	-0.199464
37.880000	-0.200377
37.900000	-0.201239
37.920000	-0.202049
37.940000	-0.202807
37.960000	-0.203514
37.980000	-0.204169
38.000000	-0.204772
38.020000	-0.205322
38.040000	-0.205820
38.060000	-0.206266
38.080000	-0.206658
38.100000	-0.206998
38.120000	-0.207285
38.140000	-0.207519
38.160000	-0.207700
38.180000	-0.207828
38.200000	-0.207903
38.220000	-0.207924
38.240000	-0.207893
38.260000	-0.207808
38.280000	-0.207671
38.300000	-0.207480
38.320000	-0.207236
38.340000	-0.206939
38.360000	-0.206590
38.380000	-0.206187
38.400000	-0.205732
38.420000	-0.205224
38.440000	-0.204664
38.460000	-0.204052
38.480000	-0.203387
38.500000	-0.202670
38.520000	-0.201902
38.540000	-0.201082
38.560000	-0.200210
38.580000	-0.199287
38.600000	-0.198314
38.620000	-0.197289
38.640000	-0.196215
38.660000	-0.195090
38.680000	-0.193915
38.700000	-0.192690
38.720000	-0.191417
38.740000	-0.190094
38.760000	-0.188723
38.780000	-0.187303
38.800000	-0.185836
38.820000	-0.184321
38.840000	-0.182759
38.860000	-0.181150
38.880000	-0.179495
38.900000	-0.177793
38.920000	-0.176047
38.940000	-0.174255
38.960000	-0.172419
38.980000	-0.170539
39.000000	-0.168615
39.020000	-0.166648
39.040000	-0.164638
39.060000	-0.162586
39.080000	-0.160493
39.100000	-0.158358
39.120000	-0.156183
39.140000	-0.153968
39.160000	-0.151714
39.180000	-0.149420
39.200000	-0.147089
39.220000	-0.144720
39.240000	-0.142314
39.260000	-0.139871
39.280000	-0.137393
39.300000	-0.134879
39.320000	-0.132331
39.340000	-0.129749
39.360000	-0.127134
39.380000	-0.124486
39.400000	-0.121806
39.420000	-0.119096
39.440000	-0.116354
39.460000	-0.113583
39.480000	-0.110783
39.500000	-0.107954
39.520000	-0.105098
39.540000	-0.102215
39.560000	-0.099306
39.580000	-0.096371
39.600000	-0.093411
39.620000	-0.090428
39.640000	-0.087421
39.660000	-0.084392
39.680000	-0.081342
39.700000	-0.078270
39.720000	-0.075179
39.740000	-0.072068
39.760000	-0.068938
39.780000	-0.065791
39.800000	-0.062628
39.820000	-0.059448
39.840000	-0.056252
39.860000	-0.053043
39.880000	-0.049820
39.900000	-0.046583
39.920000	-0.043335
39.940000	-0.040076
39.960000	-0.036807
39.980000	-0.033528
40.000000	-0.030240
